1549635290,33.74,11.93,0, 0, 0, 0, 0, 0
1549635305,33.53,13.50,159, 39, 1, 0, 0, 0
1549974584,21.29,2.74,0, 0, 0, 0, 0, 0
1549974598,21.37,2.21,306, 88, 8, 0, 0, 0
1549974653,22.55,1.34,264, 72, 14, 1, 1, 0
1549974712,23.50,2.82,264, 72, 14, 1, 1, 0
1549974770,24.62,0.84,189, 53, 11, 2, 1, 1
1549974829,25.71,0.09,189, 53, 11, 2, 1, 1
1549974887,26.71,-0.69,231, 69, 4, 1, 1, 1
1549974949,27.47,-1.06,231, 69, 4, 1, 1, 1
1549975004,28.23,-1.08,324, 95, 5, 0, 0, 0
1549975063,28.85,-1.67,324, 95, 5, 0, 0, 0
1549975121,29.36,-1.85,273, 76, 7, 0, 0, 0
1549975180,29.83,0.10,273, 76, 7, 0, 0, 0
1549975238,30.13,-1.99,216, 65, 12, 2, 1, 1
1549975297,30.48,-2.17,216, 65, 12, 2, 1, 1
1549975355,30.81,-2.10,246, 65, 8, 2, 1, 1
1549975413,31.11,-2.08,246, 65, 8, 2, 1, 1
1549975471,31.41,-2.50,252, 64, 6, 1, 1, 0
1549975530,31.65,-2.74,252, 64, 6, 1, 1, 0
1549975588,31.85,-2.79,213, 61, 14, 0, 0, 0
1549975646,32.08,-2.81,213, 61, 14, 0, 0, 0
1549975705,32.26,-2.72,219, 59, 6, 0, 0, 0
1549992832,31.55,-0.85,285, 86, 3, 0, 0, 0
1550056906,30.04,7.92,300, 79, 8, 1, 1, 1
1550056965,30.72,7.27,300, 79, 8, 1, 1, 1
1550057023,31.36,6.73,270, 78, 3, 1, 0, 0
1550057081,31.94,6.25,270, 78, 3, 1, 0, 0
1550057139,32.43,5.85,336, 98, 14, 1, 0, 0
1550057198,32.87,5.52,336, 98, 14, 1, 0, 0
1550057256,33.25,5.26,249, 69, 1, 0, 0, 0
1550057314,33.57,5.01,249, 69, 1, 0, 0, 0
1550057373,33.79,4.83,315, 95, 11, 1, 0, 0
1550057431,34.02,4.67,315, 95, 11, 1, 0, 0
1550057489,34.19,4.62,270, 72, 8, 0, 0, 0
1550057548,34.35,4.43,270, 72, 8, 0, 0, 0
1550057606,34.48,4.37,303, 84, 4, 0, 0, 0
1550057664,34.61,4.30,303, 84, 4, 0, 0, 0
1550057722,34.71,4.22,294, 77, 3, 0, 0, 0
1550057781,34.79,4.33,294, 77, 3, 0, 0, 0
1550057839,34.83,4.14,396, 121, 7, 0, 0, 0
1550057897,34.89,4.11,396, 121, 7, 0, 0, 0
1550057956,34.89,4.09,255, 68, 7, 0, 0, 0
1550058014,34.95,4.06,255, 68, 7, 0, 0, 0
1550058072,34.97,4.04,309, 85, 6, 1, 0, 0
1550058130,35.00,4.00,309, 85, 6, 1, 0, 0
1550058189,35.05,3.97,315, 85, 6, 0, 0, 0
1550058247,35.07,3.94,315, 85, 6, 0, 0, 0
1550058305,35.09,3.91,351, 105, 12, 0, 0, 0
1550058364,35.12,3.87,351, 105, 12, 0, 0, 0
1550058422,35.16,3.85,372, 107, 7, 0, 0, 0
1550058480,35.20,3.82,372, 107, 7, 0, 0, 0
1550058538,35.20,3.83,267, 73, 3, 0, 0, 0
1550058597,35.24,3.81,267, 73, 3, 0, 0, 0
1550058655,35.26,3.79,285, 75, 3, 0, 0, 0
1550058714,35.27,3.79,270, 75, 3, 0, 0, 0
1550058772,35.31,3.76,411, 115, 10, 0, 0, 0
1550058831,35.34,3.77,354, 99, 7, 0, 0, 0
1550058889,35.33,3.75,261, 78, 9, 1, 0, 0
1550058947,35.37,3.74,231, 70, 10, 1, 0, 0
1550059006,35.40,3.72,258, 70, 4, 1, 0, 0
1550059064,35.42,3.72,258, 68, 3, 1, 0, 0
1550059122,35.41,3.72,336, 94, 5, 2, 0, 0
1550059181,35.39,3.72,375, 102, 4, 1, 0, 0
1550059239,35.39,3.72,333, 90, 5, 0, 0, 0
1550059297,35.37,3.73,333, 91, 5, 0, 0, 0
1550059355,35.37,3.71,369, 108, 5, 0, 0, 0
1550059414,35.36,3.72,342, 101, 7, 0, 0, 0
1550059472,35.38,3.70,324, 95, 12, 0, 0, 0
1550059530,35.42,3.68,312, 94, 13, 0, 0, 0
1550059588,35.41,3.69,339, 90, 4, 0, 0, 0
1550059647,35.40,3.65,306, 81, 4, 0, 0, 0
1550059705,35.43,3.65,297, 84, 10, 0, 0, 0
1550059763,35.42,3.63,315, 91, 7, 0, 0, 0
1550059822,35.43,3.63,300, 85, 6, 0, 0, 0
1550059880,35.43,3.62,282, 81, 6, 0, 0, 0
1550059938,35.43,3.61,354, 99, 7, 0, 0, 0
1550059997,35.44,3.57,354, 100, 8, 0, 0, 0
1550060055,35.42,3.56,345, 91, 2, 0, 0, 0
1550060113,35.45,3.56,333, 87, 2, 0, 0, 0
1550060171,35.44,3.55,342, 100, 7, 0, 0, 0
1550060230,35.45,3.52,330, 96, 6, 0, 0, 0
1550060288,35.43,3.54,282, 86, 9, 1, 0, 0
1550060346,35.39,3.55,267, 81, 9, 1, 0, 0
1550060405,35.40,3.53,345, 104, 6, 2, 0, 0
1550060463,35.43,3.53,381, 115, 11, 3, 0, 0
1550060521,35.39,3.52,339, 95, 4, 0, 0, 0
1550060580,35.41,3.50,318, 90, 7, 0, 0, 0
1550060638,35.43,3.47,291, 81, 7, 0, 0, 0
1550060696,35.47,3.45,270, 75, 6, 0, 0, 0
1550060754,35.49,3.44,351, 109, 7, 0, 0, 0
1550060813,35.47,3.43,345, 107, 8, 0, 0, 0
1550060871,35.49,3.43,381, 112, 7, 1, 0, 0
1550060929,35.48,3.41,393, 119, 8, 1, 0, 0
1550060987,35.48,3.41,327, 94, 4, 0, 0, 0
1550061046,35.50,3.39,306, 89, 4, 0, 0, 0
1550061104,35.43,3.37,390, 119, 9, 0, 0, 0
1550061162,35.45,3.36,390, 117, 8, 0, 0, 0
1550061221,35.48,3.31,405, 116, 7, 1, 0, 0
1550061279,35.45,3.30,417, 119, 9, 1, 0, 0
1550061337,35.49,3.28,456, 130, 7, 1, 1, 0
1550061396,35.48,3.24,459, 133, 6, 1, 1, 0
1550061454,35.47,3.24,384, 106, 4, 0, 0, 0
1550061512,35.50,3.22,399, 109, 7, 1, 0, 0
1550061570,35.49,3.20,357, 105, 17, 1, 1, 0
1550061629,35.48,3.20,330, 98, 11, 1, 1, 0
1550061687,35.47,3.20,345, 102, 11, 0, 0, 0
1550061745,35.47,3.19,339, 104, 10, 0, 0, 0
1550061803,35.50,3.17,357, 103, 9, 2, 0, 0
1550061862,35.49,3.16,351, 103, 9, 2, 0, 0
1550061920,35.51,3.16,360, 102, 8, 0, 0, 0
1550061978,35.49,3.17,318, 88, 12, 0, 0, 0
1550062037,35.50,3.15,369, 100, 10, 0, 0, 0
1550062095,35.52,3.14,348, 95, 7, 0, 0, 0
1550062153,35.52,3.16,369, 109, 23, 0, 0, 0
1550062212,35.48,3.20,351, 104, 25, 0, 0, 0
1550062270,35.51,3.20,378, 117, 13, 0, 0, 0
1550062328,35.54,3.20,384, 120, 14, 0, 0, 0
1550062386,35.55,3.21,300, 88, 6, 0, 0, 0
1550062445,35.52,3.21,273, 83, 5, 0, 0, 0
1550062503,35.52,3.23,444, 129, 15, 0, 0, 0
1550062561,35.50,3.24,411, 123, 15, 0, 0, 0
1550062620,35.51,3.26,492, 139, 7, 0, 0, 0
1550062678,35.53,3.23,450, 125, 4, 0, 0, 0
1550062736,35.53,3.23,354, 109, 4, 0, 0, 0
1550062794,35.50,3.22,348, 111, 9, 0, 0, 0
1550062853,35.49,3.23,438, 121, 15, 1, 1, 1
1550062911,35.47,3.22,453, 123, 15, 1, 1, 1
1550062969,35.45,3.21,288, 82, 9, 0, 0, 0
1550063028,35.45,3.18,279, 78, 9, 1, 0, 0
1550063086,35.48,3.20,447, 132, 7, 0, 0, 0
1550063144,35.47,3.18,480, 141, 10, 0, 0, 0
1550063202,35.47,3.17,399, 108, 3, 0, 0, 0
1550063261,35.47,3.18,390, 107, 3, 0, 0, 0
1550063319,35.49,3.17,468, 135, 5, 0, 0, 0
1550063377,35.49,3.18,447, 128, 5, 0, 0, 0
1550063436,35.49,3.22,384, 108, 12, 0, 0, 0
1550063494,35.52,3.22,432, 124, 14, 0, 0, 0
1550063552,35.51,3.27,417, 116, 14, 1, 0, 0
1550063611,35.48,3.28,402, 109, 11, 0, 0, 0
1550063669,35.55,3.27,378, 100, 9, 1, 0, 0
1550063727,35.53,3.33,387, 103, 9, 1, 0, 0
1550063785,35.51,3.33,291, 81, 7, 0, 0, 0
1550063844,35.51,3.35,297, 85, 6, 0, 0, 0
1550063902,35.51,3.37,342, 102, 7, 1, 0, 0
1550063960,35.52,3.37,378, 112, 8, 1, 0, 0
1550064019,35.51,3.37,378, 108, 10, 0, 0, 0
1550064077,35.51,3.37,384, 108, 10, 0, 0, 0
1550064135,35.53,3.36,453, 140, 4, 0, 0, 0
1550064193,35.50,3.34,447, 138, 4, 0, 0, 0
1550064252,35.52,3.33,369, 105, 9, 1, 0, 0
1550064310,35.53,3.34,390, 117, 7, 1, 0, 0
1550064390,35.51,3.37,360, 104, 11, 1, 0, 0
1550064448,35.53,3.38,324, 96, 14, 0, 0, 0
1550064507,35.56,3.37,321, 100, 20, 0, 0, 0
1550064565,35.55,3.42,417, 115, 11, 0, 0, 0
1550064623,35.56,3.40,432, 119, 11, 0, 0, 0
1550064682,35.53,3.43,405, 115, 12, 0, 0, 0
1550064740,35.53,3.43,399, 117, 13, 0, 0, 0
1550064798,35.58,3.43,360, 107, 4, 0, 0, 0
1550064857,35.57,3.43,381, 103, 4, 0, 0, 0
1550064915,35.59,3.42,399, 114, 4, 0, 0, 0
1550064973,35.53,3.44,399, 112, 4, 0, 0, 0
1550065031,35.50,3.46,426, 131, 9, 3, 0, 0
1550065090,35.50,3.47,414, 131, 9, 3, 0, 0
1550065148,35.51,3.44,366, 101, 6, 0, 0, 0
1550065206,35.50,3.43,369, 101, 3, 0, 0, 0
1550065265,35.50,3.44,375, 99, 7, 0, 0, 0
1550065323,35.49,3.42,378, 102, 8, 0, 0, 0
1550065381,35.49,3.41,426, 114, 9, 0, 0, 0
1550065440,35.43,3.42,426, 116, 11, 0, 0, 0
1550065498,35.42,3.44,408, 119, 12, 0, 0, 0
1550065556,35.42,3.43,429, 127, 12, 0, 0, 0
1550065614,35.44,3.43,390, 113, 17, 1, 0, 0
1550065673,35.47,3.41,363, 106, 17, 1, 0, 0
1550065731,35.44,3.37,375, 101, 6, 0, 0, 0
1550065789,35.45,3.33,372, 97, 6, 0, 0, 0
1550065847,35.43,3.33,414, 117, 9, 0, 0, 0
1550065906,35.43,3.28,405, 112, 7, 0, 0, 0
1550065964,35.42,3.27,414, 127, 15, 0, 0, 0
1550066022,35.44,3.24,399, 122, 12, 0, 0, 0
1550066081,35.43,3.20,351, 103, 5, 0, 0, 0
1550066139,35.40,3.20,318, 94, 5, 0, 0, 0
1550066197,35.43,3.17,357, 102, 15, 1, 1, 1
1550066256,35.45,3.14,342, 96, 12, 0, 0, 0
1550066314,35.45,3.13,318, 89, 5, 2, 0, 0
1550066372,35.43,3.12,312, 85, 6, 2, 0, 0
1550066430,35.44,3.12,498, 142, 9, 1, 1, 0
1550066489,35.45,3.11,495, 144, 13, 1, 1, 0
1550066547,35.42,3.12,471, 132, 12, 0, 0, 0
1550066605,35.44,3.11,480, 138, 12, 0, 0, 0
1550066664,35.42,3.11,483, 138, 15, 0, 0, 0
1550066722,35.43,3.11,501, 141, 16, 0, 0, 0
1550066780,35.47,3.11,363, 117, 7, 0, 0, 0
1550066838,35.43,3.11,363, 115, 4, 0, 0, 0
1550066897,35.43,3.11,363, 110, 3, 0, 0, 0
1550066955,35.42,3.13,366, 112, 2, 0, 0, 0
1550067013,35.41,3.14,405, 118, 8, 0, 0, 0
1550067072,35.43,3.12,408, 118, 9, 0, 0, 0
1550067130,35.43,3.14,393, 114, 15, 1, 0, 0
1550067188,35.45,3.16,426, 121, 16, 1, 0, 0
1550067246,35.43,3.20,399, 119, 14, 1, 0, 0
1550067305,35.47,3.20,447, 132, 15, 1, 0, 0
1550067363,35.47,3.27,435, 119, 7, 0, 0, 0
1550067421,35.47,3.27,429, 117, 5, 0, 0, 0
1550067480,35.44,3.29,426, 122, 9, 0, 0, 0
1550067538,35.47,3.26,438, 122, 11, 0, 0, 0
1550067596,35.50,3.29,387, 112, 6, 1, 0, 0
1550067655,35.48,3.32,381, 109, 6, 0, 0, 0
1550067713,35.48,3.36,363, 101, 15, 0, 0, 0
1550067771,35.50,3.34,327, 87, 12, 0, 0, 0
1550067829,35.50,3.40,402, 111, 13, 0, 0, 0
1550067888,35.51,3.46,393, 106, 11, 0, 0, 0
1550067946,35.53,3.49,447, 127, 6, 0, 0, 0
1550068004,35.54,3.54,450, 127, 6, 0, 0, 0
1550068062,35.48,3.62,435, 121, 22, 2, 0, 0
1550068121,35.49,3.68,417, 117, 21, 1, 0, 0
1550068179,35.48,3.69,432, 128, 20, 0, 0, 0
1550068237,35.49,3.72,423, 126, 16, 0, 0, 0
1550068296,35.55,3.77,450, 138, 22, 0, 0, 0
1550068354,35.52,3.84,444, 136, 25, 0, 0, 0
1550068412,35.53,3.83,432, 129, 14, 1, 0, 0
1550068471,35.55,3.84,432, 131, 13, 1, 0, 0
1550068529,35.55,3.88,384, 108, 19, 0, 0, 0
1550068587,35.55,3.88,429, 120, 19, 0, 0, 0
1550068645,35.55,3.87,426, 121, 6, 1, 0, 0
1550068704,35.56,4.97,420, 121, 7, 1, 0, 0
1550068762,35.57,4.20,396, 112, 10, 2, 2, 0
1550068820,35.55,4.09,417, 121, 10, 2, 2, 0
1550068878,35.57,4.17,393, 119, 9, 0, 0, 0
1550068937,35.57,4.13,354, 107, 9, 0, 0, 0
1550068995,35.60,4.01,345, 102, 11, 1, 0, 0
1550069053,35.62,4.02,384, 109, 7, 1, 0, 0
1550069112,35.65,4.55,285, 79, 6, 0, 0, 0
1550069170,35.69,4.75,300, 82, 6, 0, 0, 0
1550069228,35.72,4.36,369, 109, 2, 0, 0, 0
1550069287,35.70,4.12,363, 107, 2, 0, 0, 0
1550069345,35.71,4.91,432, 123, 10, 0, 0, 0
1550069403,35.72,4.53,453, 130, 10, 0, 0, 0
1550069461,35.72,4.57,363, 104, 14, 0, 0, 0
1550069520,35.72,4.62,372, 106, 13, 0, 0, 0
1550069578,35.75,4.22,342, 98, 12, 1, 0, 0
1550069636,35.73,4.36,333, 98, 12, 1, 0, 0
1550069695,35.69,4.26,450, 135, 11, 0, 0, 0
1550069753,35.71,4.36,477, 148, 14, 0, 0, 0
1550069811,35.73,4.33,402, 118, 14, 0, 0, 0
1550160044,30.72,4.17,93, 29, 4, 0, 0, 0
1550160091,30.76,3.94,93, 29, 4, 0, 0, 0
1550160149,31.09,3.60,87, 25, 1, 0, 0, 0
1550160207,31.60,3.27,87, 25, 1, 0, 0, 0
1550160266,32.08,2.85,111, 29, 3, 0, 0, 0
1550160324,32.54,2.56,111, 29, 3, 0, 0, 0
1550160382,32.92,2.34,15, 5, 0, 0, 0, 0
1550160441,33.29,2.09,15, 5, 0, 0, 0, 0
1550160499,33.58,1.95,96, 27, 3, 0, 0, 0
1550160557,33.81,1.76,96, 27, 3, 0, 0, 0
1550160615,34.04,1.63,63, 14, 1, 0, 0, 0
1550160674,34.20,1.54,63, 14, 1, 0, 0, 0
1550160732,34.35,1.42,81, 25, 2, 0, 0, 0
1550160790,34.49,1.36,81, 25, 2, 0, 0, 0
1550160849,34.61,1.27,72, 24, 2, 0, 0, 0
1550160908,34.70,1.24,72, 24, 2, 0, 0, 0
1550160966,34.82,1.13,75, 20, 3, 0, 0, 0
1550958801,38.09,10.92,690, 201, 30, 2, 1, 1
1550958860,37.94,3.61,726, 210, 32, 2, 1, 1
1550958918,37.89,3.39,945, 269, 43, 4, 1, 0
1550958976,37.87,3.62,945, 267, 44, 1, 0, 0
1550959034,37.79,3.66,1014, 294, 43, 2, 0, 0
1550959093,37.75,3.82,948, 275, 44, 2, 0, 0
1550959151,37.66,4.03,762, 226, 51, 7, 3, 2
1550959209,37.58,3.82,750, 223, 47, 6, 3, 2
1550959267,37.48,3.83,675, 199, 28, 2, 0, 0
1550959326,37.41,3.66,675, 197, 26, 2, 0, 0
1550959384,37.33,3.64,627, 185, 30, 5, 1, 1
1550959442,37.26,3.61,597, 178, 30, 4, 1, 1
1550959500,37.20,3.44,591, 168, 14, 1, 0, 0
1550959559,37.16,3.70,579, 173, 14, 1, 0, 0
1550959617,37.10,3.66,615, 182, 35, 3, 0, 0
1550959675,37.06,3.75,645, 194, 32, 3, 0, 0
1550959733,37.04,3.78,606, 184, 24, 0, 0, 0
1550959792,37.01,3.73,612, 190, 26, 0, 0, 0
1550959850,36.93,3.76,588, 179, 24, 0, 0, 0
1550959908,36.89,3.96,585, 175, 28, 0, 0, 0
1550959967,36.88,3.82,573, 163, 36, 1, 0, 0
1550960025,36.83,3.82,594, 160, 34, 1, 0, 0
1550960083,36.80,4.07,657, 190, 17, 3, 0, 0
1550960141,36.75,4.00,681, 195, 19, 3, 0, 0
1550960200,36.74,4.00,543, 142, 8, 1, 1, 1
1550960258,36.72,3.98,537, 146, 7, 1, 1, 1
1550960316,36.70,4.07,729, 213, 39, 2, 1, 1
1550960374,36.70,4.08,702, 204, 39, 2, 1, 1
1550960433,36.67,4.04,609, 169, 27, 3, 0, 0
1550960491,36.64,3.83,633, 176, 28, 3, 0, 0
1550960549,36.62,4.03,528, 159, 19, 1, 0, 0
1550960608,36.60,4.01,534, 161, 18, 1, 0, 0
1550960666,36.58,4.13,435, 134, 12, 1, 0, 0
1550960724,36.60,4.30,507, 153, 19, 2, 0, 0
1550960782,36.60,3.85,501, 138, 19, 2, 2, 0
1550960841,36.61,4.15,513, 140, 17, 1, 1, 0
1550960899,36.63,4.15,576, 180, 29, 2, 1, 1
1550960957,36.67,4.00,528, 165, 27, 1, 1, 1
1550961015,36.67,3.96,552, 168, 14, 2, 1, 1
1550961074,36.63,4.04,543, 164, 16, 2, 1, 1
1550961132,36.66,4.11,636, 185, 22, 3, 1, 0
1550961190,36.63,4.05,636, 194, 23, 3, 1, 0
1550961249,36.64,3.99,543, 158, 27, 1, 1, 1
1551162525,36.81,-0.19,180, 54, 7, 1, 0, 0
1551162583,36.61,-0.17,162, 50, 7, 1, 0, 0
1551162642,36.54,-0.08,246, 68, 9, 0, 0, 0
1551162700,36.48,0.06,225, 63, 9, 0, 0, 0
1551162758,36.48,-0.07,198, 56, 8, 1, 1, 0
1551162816,36.46,-0.15,171, 49, 10, 2, 1, 0
1551162875,36.45,0.13,141, 45, 2, 1, 1, 0
1551162933,36.45,0.73,162, 50, 2, 1, 1, 0
1551162991,36.44,0.37,99, 28, 2, 1, 1, 0
1551163050,36.44,0.07,114, 30, 1, 1, 1, 0
1551163108,36.44,0.54,180, 58, 10, 2, 0, 0
1551163166,36.44,0.20,180, 58, 11, 2, 0, 0
1551163224,36.45,0.65,132, 44, 5, 1, 0, 0
1551163283,36.44,0.30,135, 45, 7, 2, 1, 1
1551163341,36.43,0.37,162, 48, 15, 2, 2, 0
1551163399,36.42,0.08,156, 41, 15, 2, 2, 0
1551163457,36.41,0.29,189, 57, 9, 1, 1, 1
1551163516,36.38,0.21,210, 65, 14, 2, 1, 1
1551163574,36.37,0.10,84, 25, 7, 1, 1, 0
1551163632,36.38,0.12,102, 30, 8, 1, 1, 0
1551163690,36.36,0.14,87, 20, 4, 0, 0, 0
1551163749,36.37,0.34,81, 18, 6, 1, 0, 0
1551163807,36.36,0.18,108, 30, 4, 1, 1, 0
1551163865,36.36,0.14,99, 27, 3, 0, 0, 0
1551163923,36.37,0.09,141, 39, 7, 0, 0, 0
1551163982,36.39,0.05,147, 41, 8, 0, 0, 0
1551164040,36.42,0.07,141, 43, 3, 1, 0, 0
1551164098,36.44,0.40,135, 41, 3, 1, 0, 0
1551164156,36.43,0.11,117, 31, 3, 0, 0, 0
1551164215,36.42,0.01,111, 31, 4, 0, 0, 0
1551164273,36.42,0.05,93, 25, 7, 0, 0, 0
1551164331,36.42,-0.04,93, 25, 6, 0, 0, 0
1551164390,36.43,0.08,84, 19, 1, 1, 1, 1
1551164448,36.43,0.27,84, 20, 1, 1, 1, 1
1551164506,36.45,0.10,120, 36, 6, 1, 0, 0
1551164564,36.46,0.09,129, 38, 6, 1, 0, 0
1551164623,36.44,0.10,132, 38, 4, 1, 0, 0
1551164681,36.42,0.04,123, 38, 3, 0, 0, 0
1551164739,36.38,0.02,99, 30, 3, 0, 0, 0
1551164797,36.39,0.05,90, 27, 3, 0, 0, 0
1551164856,36.37,0.15,141, 45, 9, 1, 1, 0
1551164914,36.38,0.04,150, 46, 9, 1, 1, 0
1551164972,36.38,0.11,138, 38, 8, 1, 0, 0
1551165031,36.33,0.18,132, 36, 9, 1, 0, 0
1551165089,36.31,0.20,141, 40, 10, 2, 0, 0
1551165147,36.33,0.25,177, 50, 14, 3, 0, 0
1551165205,36.32,0.37,171, 46, 5, 2, 0, 0
1551165264,36.33,0.26,171, 48, 5, 2, 0, 0
1551165322,36.36,0.27,243, 76, 9, 2, 1, 1
1551165380,36.40,-0.01,213, 71, 9, 2, 1, 1
1551165438,36.37,0.25,384, 117, 26, 3, 1, 1
1551165497,36.39,0.06,369, 112, 24, 2, 0, 0
1551165555,36.42,0.27,279, 73, 9, 0, 0, 0
1551165613,36.43,0.36,333, 90, 12, 3, 1, 1
1551165671,36.47,0.11,501, 154, 30, 2, 0, 0
1551165730,36.51,0.05,486, 151, 30, 2, 0, 0
1551165788,36.53,0.10,360, 111, 22, 2, 1, 0
1551165846,36.48,0.23,339, 106, 23, 3, 1, 0
1551165905,36.45,0.27,795, 241, 41, 10, 1, 0
1551165963,36.42,0.33,768, 232, 38, 6, 2, 1
1551166021,36.41,0.21,606, 183, 45, 8, 4, 1
1551166079,36.44,0.34,606, 181, 47, 7, 4, 1
1551166138,36.44,0.30,537, 165, 23, 3, 0, 0
1551166196,36.43,0.08,558, 172, 25, 3, 0, 0
1551166254,36.44,0.17,498, 157, 39, 1, 0, 0
1551166313,36.43,0.22,519, 164, 44, 1, 0, 0
1551166371,36.43,0.28,564, 168, 38, 5, 0, 0
1551166429,36.40,0.27,564, 174, 38, 5, 0, 0
1551166487,36.38,0.62,465, 134, 33, 1, 0, 0
1551166546,36.38,0.34,480, 141, 35, 2, 1, 1
1551166604,36.36,0.36,510, 143, 29, 5, 2, 1
1551166662,36.33,0.41,474, 131, 23, 5, 2, 1
1551166720,36.30,0.59,549, 165, 40, 2, 1, 1
1551166779,36.30,0.41,507, 155, 40, 3, 1, 1
1551166837,36.31,0.45,369, 106, 19, 3, 1, 0
1551166895,36.31,0.38,375, 110, 19, 3, 1, 0
1551166953,36.33,0.44,351, 100, 15, 7, 0, 0
1551167012,36.31,0.44,360, 103, 17, 7, 0, 0
1551167070,36.31,0.38,453, 137, 22, 3, 0, 0
1551167128,36.33,0.39,483, 149, 19, 2, 0, 0
1551167187,36.34,0.50,351, 94, 13, 3, 1, 0
1551167245,36.38,0.89,375, 97, 16, 4, 1, 0
1551167303,36.39,0.63,309, 87, 23, 3, 0, 0
1551167361,36.41,0.35,324, 92, 21, 4, 0, 0
1551167420,36.42,0.75,261, 80, 22, 1, 0, 0
1551167478,36.45,0.69,264, 80, 26, 0, 0, 0
1551167536,36.45,0.65,324, 94, 10, 0, 0, 0
1551167595,36.44,0.69,324, 96, 15, 0, 0, 0
1551167653,36.44,0.57,360, 96, 19, 3, 2, 0
1551167711,36.46,0.35,360, 98, 21, 3, 2, 0
1551167769,36.48,0.59,276, 82, 12, 2, 0, 0
1551167828,36.48,0.57,291, 82, 9, 2, 0, 0
1551167886,36.49,0.60,297, 87, 22, 10, 6, 3
1551167944,36.49,0.68,255, 75, 21, 10, 6, 3
1551168002,36.51,0.73,246, 74, 8, 2, 0, 0
1551168061,36.51,0.67,246, 74, 14, 2, 0, 0
1551168119,36.52,0.73,222, 68, 22, 1, 0, 0
1551168177,36.51,0.75,216, 68, 22, 1, 0, 0
1551168235,36.48,0.79,210, 62, 9, 0, 0, 0
1551168294,36.49,0.63,219, 64, 7, 1, 1, 1
1551168352,36.49,0.68,225, 71, 15, 5, 1, 1
1551168410,36.49,0.66,192, 59, 6, 0, 0, 0
1551168469,36.49,0.67,255, 72, 12, 1, 0, 0
1551168527,36.47,0.89,255, 76, 11, 1, 0, 0
1551168585,36.45,1.10,219, 58, 8, 1, 0, 0
1551168643,36.46,1.95,225, 63, 12, 1, 0, 0
1551168702,36.47,2.85,225, 63, 10, 2, 1, 0
1551168760,36.43,3.36,228, 63, 12, 3, 1, 0
1551168818,36.42,3.47,171, 47, 8, 2, 1, 0
1551168877,36.43,3.43,165, 44, 8, 2, 1, 0
1551168935,36.43,3.44,264, 75, 21, 0, 0, 0
1551168993,36.45,2.80,258, 73, 19, 0, 0, 0
1551169051,36.46,2.71,186, 53, 13, 6, 1, 0
1551169110,36.47,2.38,216, 63, 14, 6, 1, 0
1551169168,36.46,2.10,123, 40, 10, 1, 0, 0
1551169226,36.45,1.97,150, 49, 16, 1, 0, 0
1551169284,36.44,1.80,210, 62, 14, 2, 0, 0
1551169343,36.43,1.62,216, 62, 11, 1, 0, 0
1551169401,36.44,2.90,189, 55, 9, 0, 0, 0
1551169459,36.44,1.72,180, 53, 10, 0, 0, 0
1551169517,36.42,1.37,189, 61, 15, 1, 0, 0
1551169576,36.44,1.85,189, 59, 15, 1, 0, 0
1551169634,36.42,1.72,138, 40, 7, 0, 0, 0
1551169692,36.45,1.95,135, 39, 7, 0, 0, 0
1551169750,36.45,1.76,201, 57, 11, 1, 1, 0
1551169809,36.46,1.59,201, 57, 8, 1, 1, 0
1551169867,36.42,1.60,201, 59, 7, 1, 0, 0
1551169925,36.45,1.76,210, 61, 8, 1, 0, 0
1551169984,36.45,1.09,228, 62, 12, 3, 0, 0
1551170042,36.45,1.40,216, 58, 15, 3, 0, 0
1551170100,36.49,1.48,159, 37, 3, 2, 0, 0
1551170158,36.51,1.36,159, 37, 3, 2, 0, 0
1551170217,36.47,1.45,159, 44, 7, 2, 0, 0
1551170275,36.46,1.37,144, 39, 7, 1, 0, 0
1551170333,36.48,1.53,153, 40, 12, 1, 0, 0
1551170391,36.47,1.37,141, 36, 10, 1, 0, 0
1551170450,36.48,1.34,108, 28, 6, 1, 0, 0
1551170508,36.52,1.27,96, 24, 6, 2, 0, 0
1551170566,36.53,1.19,159, 51, 7, 1, 0, 0
1551170624,36.53,1.31,135, 43, 7, 1, 0, 0
1551170683,36.51,1.44,147, 40, 8, 1, 1, 0
1551170741,36.52,1.49,126, 36, 5, 1, 1, 0
1551170799,36.51,1.62,150, 35, 3, 1, 1, 1
1551170858,36.51,2.16,120, 30, 4, 1, 1, 1
1551170916,36.53,1.47,153, 45, 7, 1, 0, 0
1551170974,36.54,1.63,156, 48, 7, 1, 0, 0
1551171032,36.53,1.40,126, 40, 7, 2, 0, 0
1551171091,36.54,1.27,111, 35, 5, 1, 0, 0
1551171149,36.53,1.69,249, 70, 13, 3, 1, 0
1551171207,36.52,1.08,237, 66, 12, 3, 1, 0
1551171265,36.57,1.25,129, 38, 7, 0, 0, 0
1551171324,36.61,1.24,108, 31, 6, 0, 0, 0
1551171382,36.60,1.38,186, 55, 12, 6, 2, 1
1551171440,36.60,1.31,180, 53, 12, 5, 1, 0
1551171498,36.62,1.14,156, 42, 7, 4, 2, 2
1551171557,36.62,1.12,138, 40, 7, 4, 2, 2
1551171615,36.62,1.26,120, 34, 4, 1, 0, 0
1551171673,36.63,1.11,108, 30, 5, 1, 0, 0
1551171731,36.64,1.23,90, 26, 4, 1, 0, 0
1551171810,36.69,0.98,150, 40, 8, 1, 0, 0
1551171868,36.69,1.21,150, 40, 8, 1, 0, 0
1551171927,36.70,1.31,123, 34, 8, 1, 0, 0
1551171985,36.70,1.19,123, 34, 8, 1, 0, 0
1551172043,36.68,1.23,138, 43, 7, 1, 0, 0
1551172101,36.66,1.32,138, 43, 7, 1, 0, 0
1551172160,36.62,1.27,141, 37, 4, 0, 0, 0
1551172218,36.64,1.49,141, 37, 4, 0, 0, 0
1551172276,36.62,1.75,126, 37, 1, 0, 0, 0
1551172334,36.59,1.71,126, 37, 1, 0, 0, 0
1551172393,36.61,1.61,57, 14, 0, 0, 0, 0
1551172451,36.62,1.71,57, 14, 0, 0, 0, 0
1551172509,36.64,1.56,129, 36, 7, 0, 0, 0
1551172568,36.63,1.37,129, 36, 7, 0, 0, 0
1551172626,36.62,1.14,72, 20, 3, 0, 0, 0
1551172684,36.66,1.24,72, 20, 3, 0, 0, 0
1551172742,36.66,1.23,123, 41, 6, 0, 0, 0
1551172801,36.64,1.65,123, 41, 6, 0, 0, 0
1551172859,36.63,1.38,141, 43, 7, 3, 1, 0
1551172917,36.62,1.70,141, 43, 7, 3, 1, 0
1551172975,36.61,1.57,135, 38, 7, 0, 0, 0
1551173034,36.61,1.63,135, 38, 7, 0, 0, 0
1551173092,36.62,1.32,213, 48, 8, 0, 0, 0
1551173150,36.61,1.41,213, 48, 8, 0, 0, 0
1551173208,36.62,1.47,126, 31, 5, 1, 0, 0
1551173267,36.59,1.47,126, 31, 5, 1, 0, 0
1551173325,36.60,1.64,111, 33, 7, 2, 2, 2
1551173383,36.61,1.47,111, 33, 7, 2, 2, 2
1551173441,36.60,1.53,204, 54, 11, 1, 0, 0
1551173500,36.60,1.69,204, 54, 11, 1, 0, 0
1551173558,36.56,1.17,126, 39, 3, 0, 0, 0
1551173616,36.55,1.07,126, 39, 3, 0, 0, 0
1551173675,36.54,1.01,144, 38, 11, 1, 1, 1
1551173733,36.54,1.50,144, 38, 11, 1, 1, 1
1551173791,36.54,1.40,111, 35, 7, 2, 2, 1
1551173849,36.57,1.57,111, 35, 7, 2, 2, 1
1551173908,36.58,1.60,99, 32, 4, 1, 0, 0
1551173966,36.62,1.28,99, 32, 4, 1, 0, 0
1551174024,36.61,0.89,105, 32, 6, 1, 1, 0
1551174082,36.62,1.47,105, 32, 6, 1, 1, 0
1551174141,36.60,1.62,99, 31, 4, 1, 0, 0
1551174199,36.64,1.28,99, 31, 4, 1, 0, 0
1551174257,36.63,1.48,159, 50, 5, 0, 0, 0
1551174316,36.67,1.26,159, 50, 5, 0, 0, 0
1551174374,36.72,1.67,180, 46, 8, 2, 0, 0
1551174432,36.72,1.57,180, 46, 8, 2, 0, 0
1551174490,36.71,1.40,99, 31, 2, 0, 0, 0
1551174549,36.72,1.50,99, 31, 2, 0, 0, 0
1551174607,36.73,1.43,186, 51, 5, 2, 0, 0
1551174665,36.74,1.37,186, 51, 5, 2, 0, 0
1551174723,36.73,1.53,138, 40, 10, 0, 0, 0
1551174782,36.72,1.38,138, 40, 10, 0, 0, 0
1551174840,36.71,1.48,126, 40, 6, 1, 0, 0
1551174898,36.70,1.70,126, 40, 6, 1, 0, 0
1551174956,36.68,1.59,117, 36, 10, 0, 0, 0
1551175015,36.68,1.75,117, 36, 10, 0, 0, 0
1551175073,36.67,1.65,141, 37, 5, 0, 0, 0
1551175131,36.67,1.62,141, 37, 5, 0, 0, 0
1551175189,36.68,1.68,177, 52, 10, 2, 0, 0
1551175248,36.70,1.79,177, 52, 10, 2, 0, 0
1551175306,36.71,2.64,114, 32, 9, 0, 0, 0
1551175364,36.71,1.84,114, 32, 9, 0, 0, 0
1551175423,36.69,1.59,132, 40, 15, 3, 2, 1
1551175481,36.71,1.60,132, 40, 15, 3, 2, 1
1551175539,36.73,1.50,105, 30, 3, 0, 0, 0
1551175597,36.71,1.73,105, 30, 3, 0, 0, 0
1551175656,36.73,1.83,129, 37, 11, 4, 2, 2
1551175714,36.73,2.03,129, 37, 11, 4, 2, 2
1551175772,36.77,1.81,171, 50, 10, 1, 1, 0
1551175830,36.75,1.26,171, 50, 10, 1, 1, 0
1551175889,36.78,1.45,144, 43, 5, 0, 0, 0
1551175947,36.78,1.64,144, 43, 5, 0, 0, 0
1551176005,36.80,1.72,168, 53, 5, 0, 0, 0
1551176064,36.81,1.76,168, 53, 5, 0, 0, 0
1551176122,36.78,1.82,177, 48, 6, 3, 1, 0
1551176180,36.78,1.94,177, 48, 6, 3, 1, 0
1551176238,36.76,1.62,162, 48, 15, 1, 0, 0
1551176297,36.75,1.61,162, 48, 15, 1, 0, 0
1551176355,36.76,1.43,210, 68, 18, 1, 0, 0
1551176413,36.74,1.77,210, 68, 18, 1, 0, 0
1551176471,36.73,1.48,57, 16, 3, 0, 0, 0
1551176530,36.73,1.35,57, 16, 3, 0, 0, 0
1551176588,36.74,1.40,123, 34, 9, 0, 0, 0
1551176646,36.73,1.66,123, 34, 9, 0, 0, 0
1551176704,36.73,1.33,93, 28, 5, 3, 1, 0
1551176763,36.74,1.55,93, 28, 5, 3, 1, 0
1551176821,36.73,1.43,126, 36, 11, 0, 0, 0
1551176879,36.74,1.61,126, 36, 11, 0, 0, 0
1551176937,36.72,1.40,135, 39, 7, 2, 1, 1
1551176996,36.72,1.47,135, 39, 7, 2, 1, 1
1551177054,36.69,1.52,141, 44, 11, 1, 1, 0
1551177112,36.68,1.51,141, 44, 11, 1, 1, 0
1551177170,36.70,1.61,105, 32, 3, 1, 0, 0
1551177229,36.69,1.34,105, 32, 3, 1, 0, 0
1551177287,36.67,1.10,54, 18, 3, 0, 0, 0
1551177345,36.68,1.07,54, 18, 3, 0, 0, 0
1551177404,36.70,1.07,141, 45, 5, 2, 2, 2
1551177462,36.70,1.39,141, 45, 5, 2, 2, 2
1551177520,36.69,1.30,147, 45, 4, 0, 0, 0
1551177578,36.71,1.46,147, 45, 4, 0, 0, 0
1551177637,36.70,1.67,171, 44, 2, 0, 0, 0
1551177695,36.68,2.05,171, 44, 2, 0, 0, 0
1551177753,36.68,1.34,150, 45, 5, 1, 0, 0
1551177811,36.68,1.38,150, 45, 5, 1, 0, 0
1551177870,36.71,1.72,150, 41, 6, 2, 1, 0
1551177928,36.73,1.51,150, 41, 6, 2, 1, 0
1551177986,36.75,1.59,186, 55, 19, 2, 0, 0
1551178045,36.74,1.69,186, 55, 19, 2, 0, 0
1551178103,36.74,1.32,120, 34, 5, 0, 0, 0
1551178161,36.75,1.65,120, 34, 5, 0, 0, 0
1551178219,36.77,1.92,81, 25, 2, 1, 1, 1
1551178278,36.75,1.72,81, 25, 2, 1, 1, 1
1551178336,36.76,1.87,99, 31, 7, 0, 0, 0
1551178394,36.81,1.50,99, 31, 7, 0, 0, 0
1551178452,36.80,1.37,111, 32, 8, 0, 0, 0
1551178511,36.81,1.53,111, 32, 8, 0, 0, 0
1551178569,36.82,1.69,93, 30, 3, 0, 0, 0
1551178627,36.82,1.71,93, 30, 3, 0, 0, 0
1551178685,36.81,1.70,90, 28, 8, 1, 0, 0
1551178744,36.81,1.79,90, 28, 8, 1, 0, 0
1551178802,36.81,1.80,195, 60, 15, 3, 0, 0
1551178860,36.78,1.58,195, 60, 15, 3, 0, 0
1551178918,36.81,1.67,135, 40, 5, 0, 0, 0
1551178977,36.81,1.73,135, 40, 5, 0, 0, 0
1551179035,36.81,1.47,126, 38, 7, 1, 0, 0
1551179093,36.83,1.72,126, 38, 7, 1, 0, 0
1551179152,36.84,1.85,105, 30, 6, 1, 0, 0
1551179210,36.83,1.87,105, 30, 6, 1, 0, 0
1551179268,36.84,1.84,150, 43, 6, 1, 1, 0
1551179326,36.83,1.97,150, 43, 6, 1, 1, 0
1551179385,36.83,1.81,171, 54, 14, 7, 3, 0
1551179443,36.82,2.27,171, 54, 14, 7, 3, 0
1551179501,36.85,2.22,186, 58, 8, 0, 0, 0
1551179559,36.85,1.77,186, 58, 8, 0, 0, 0
1551179618,36.86,1.88,186, 58, 8, 0, 0, 0
1551179676,36.87,1.79,102, 29, 3, 0, 0, 0
1551179734,36.84,1.71,96, 32, 3, 0, 0, 0
1551179792,36.83,1.80,81, 19, 2, 0, 0, 0
1551179851,36.81,1.99,81, 19, 2, 0, 0, 0
1551179909,36.81,1.80,108, 32, 8, 2, 1, 0
1551179968,36.80,1.49,123, 37, 9, 2, 1, 0
1551180026,36.81,1.79,99, 28, 1, 0, 0, 0
1551180084,36.77,1.65,117, 34, 1, 0, 0, 0
1551180142,36.80,1.77,123, 38, 5, 1, 0, 0
1551180201,36.76,1.81,120, 38, 4, 1, 0, 0
1551180259,36.80,1.88,105, 31, 3, 0, 0, 0
1551180317,36.81,1.80,105, 29, 3, 0, 0, 0
1551180375,36.83,2.03,87, 24, 6, 0, 0, 0
1551180434,36.78,2.01,87, 26, 5, 0, 0, 0
1551180492,36.77,1.85,177, 55, 12, 1, 1, 0
1551180550,36.77,1.80,153, 47, 9, 1, 1, 0
1551180608,36.77,1.92,87, 24, 7, 0, 0, 0
1551180667,36.76,1.99,102, 29, 7, 0, 0, 0
1551180725,36.75,2.23,75, 23, 3, 0, 0, 0
1551180783,36.77,2.10,75, 23, 3, 0, 0, 0
1551180842,36.75,2.00,117, 26, 3, 1, 1, 0
1551180900,36.80,1.78,117, 26, 3, 1, 1, 0
1551180958,36.81,2.40,153, 50, 12, 1, 1, 1
1551181016,36.87,1.87,153, 49, 11, 1, 1, 1
1551181075,36.86,1.83,105, 31, 9, 2, 1, 1
1551181133,36.89,1.70,120, 36, 10, 3, 1, 1
1551181191,36.92,1.86,102, 27, 3, 1, 1, 0
1551181249,36.91,1.52,135, 36, 8, 1, 1, 0
1551181308,36.93,1.45,135, 41, 11, 4, 2, 1
1551181366,36.97,1.77,135, 41, 10, 4, 2, 1
1551181424,36.98,2.00,216, 66, 6, 2, 0, 0
1551181482,37.01,1.81,180, 55, 6, 2, 0, 0
1551181541,37.02,1.47,114, 29, 4, 0, 0, 0
1551181599,37.03,1.60,132, 35, 4, 0, 0, 0
1551181657,37.04,1.68,105, 33, 3, 1, 1, 0
1551181715,37.06,1.74,105, 35, 4, 1, 1, 0
1551181774,37.05,1.95,108, 32, 8, 2, 1, 1
1551181832,37.06,1.93,96, 27, 5, 1, 1, 1
1551181890,37.06,1.82,99, 31, 2, 0, 0, 0
1551181949,37.04,1.88,87, 27, 1, 0, 0, 0
1551182007,37.04,1.64,165, 50, 11, 2, 2, 1
1551182065,37.03,1.50,150, 45, 8, 2, 2, 1
1551182123,37.01,1.38,114, 36, 3, 0, 0, 0
1551182182,37.00,1.40,108, 34, 4, 0, 0, 0
1551182240,36.98,1.40,108, 31, 11, 4, 3, 2
1551182298,36.99,1.50,114, 33, 11, 4, 3, 2
1551182356,36.97,1.56,78, 22, 4, 0, 0, 0
1551182416,36.93,1.24,78, 22, 4, 0, 0, 0
1551182474,36.91,1.60,147, 38, 5, 0, 0, 0
1551182532,36.92,1.47,147, 38, 5, 0, 0, 0
1551182590,36.90,1.72,93, 29, 6, 1, 0, 0
1551182649,36.90,1.79,93, 29, 6, 1, 0, 0
1551182707,36.91,1.66,108, 32, 4, 1, 0, 0
1551182765,36.92,1.31,108, 32, 4, 1, 0, 0
1551182823,36.91,1.56,159, 42, 10, 1, 0, 0
1551182882,36.89,1.76,159, 42, 10, 1, 0, 0
1551182940,36.92,1.67,141, 40, 7, 1, 1, 0
1551182998,36.92,1.66,141, 40, 7, 1, 1, 0
1551183056,36.96,1.47,75, 23, 7, 0, 0, 0
1551183115,36.97,1.36,75, 23, 7, 0, 0, 0
1551183173,36.95,1.54,144, 40, 6, 0, 0, 0
1551183231,36.98,1.27,144, 40, 6, 0, 0, 0
1551183289,36.97,1.38,111, 30, 5, 0, 0, 0
1551183348,36.97,1.16,111, 30, 5, 0, 0, 0
1551183406,36.97,1.34,129, 40, 10, 2, 0, 0
1551183464,36.99,1.33,129, 40, 10, 2, 0, 0
1551183523,36.98,1.30,126, 38, 11, 1, 0, 0
1551183581,36.98,1.41,126, 38, 11, 1, 0, 0
1551183639,36.99,1.04,87, 25, 4, 0, 0, 0
1551183697,37.01,1.25,87, 25, 4, 0, 0, 0
1551183756,36.98,1.47,144, 42, 8, 0, 0, 0
1551183814,36.97,1.41,144, 42, 8, 0, 0, 0
1551183872,36.99,1.60,174, 47, 2, 1, 0, 0
1551183930,36.97,1.40,174, 47, 2, 1, 0, 0
1551183989,36.98,1.35,147, 44, 4, 1, 1, 1
1551184048,36.93,1.25,147, 44, 4, 1, 1, 1
1551184106,36.93,1.56,102, 32, 3, 1, 0, 0
1551184164,36.91,1.41,102, 32, 3, 1, 0, 0
1551184223,36.89,1.44,69, 21, 5, 2, 1, 0
1551184281,36.87,1.54,69, 21, 5, 2, 1, 0
1551184339,36.85,1.68,108, 28, 2, 0, 0, 0
1551184397,36.84,1.35,108, 28, 2, 0, 0, 0
1551184456,36.84,1.41,90, 28, 3, 0, 0, 0
1551184514,36.83,1.43,90, 28, 3, 0, 0, 0
1551184572,36.78,1.51,171, 50, 8, 0, 0, 0
1551184630,36.76,1.56,171, 50, 8, 0, 0, 0
1551184689,36.76,1.53,126, 35, 6, 0, 0, 0
1551184747,36.75,1.53,126, 35, 6, 0, 0, 0
1551184805,36.77,1.46,120, 39, 7, 1, 0, 0
1551184863,36.78,1.77,120, 39, 7, 1, 0, 0
1551184922,36.80,1.61,123, 31, 3, 0, 0, 0
1551184980,36.78,1.52,123, 31, 3, 0, 0, 0
1551185038,36.80,1.46,171, 52, 12, 0, 0, 0
1551185096,36.80,1.52,171, 52, 12, 0, 0, 0
1551185155,36.81,1.38,186, 58, 12, 0, 0, 0
1551185213,36.77,1.59,165, 49, 6, 1, 1, 1
1551185271,36.77,1.65,105, 33, 6, 1, 0, 0
1551185329,36.78,1.78,108, 33, 5, 1, 0, 0
1551185388,36.78,2.13,108, 33, 5, 1, 0, 0
1551185446,36.81,1.91,189, 58, 5, 2, 2, 1
1551185505,36.83,1.79,189, 58, 5, 2, 2, 1
1551185563,36.83,1.58,99, 27, 4, 1, 0, 0
1551185621,36.83,1.48,99, 27, 4, 1, 0, 0
1551185679,36.82,1.54,105, 29, 3, 2, 1, 1
1551185738,36.83,1.44,105, 29, 3, 2, 1, 1
1551185796,36.80,2.03,132, 35, 3, 0, 0, 0
1551185854,36.77,1.74,132, 35, 3, 0, 0, 0
1551185913,36.78,1.76,201, 64, 23, 1, 0, 0
1551185971,36.78,1.94,201, 64, 23, 1, 0, 0
1551186029,36.77,1.61,129, 35, 1, 0, 0, 0
1551186087,36.81,1.70,129, 35, 1, 0, 0, 0
1551186146,36.81,1.79,138, 40, 3, 3, 1, 1
1551186204,36.80,1.72,138, 40, 3, 3, 1, 1
1551186262,36.81,1.24,144, 48, 5, 1, 1, 1
1551186320,36.81,1.66,144, 48, 5, 1, 1, 1
1551186379,36.80,1.62,141, 42, 1, 0, 0, 0
1551186437,36.83,1.47,141, 42, 1, 0, 0, 0
1551186495,36.82,1.82,126, 38, 11, 1, 0, 0
1551186553,36.78,1.63,126, 38, 11, 1, 0, 0
1551186612,36.81,1.53,231, 63, 8, 1, 0, 0
1551186670,36.82,1.59,231, 63, 8, 1, 0, 0
1551186728,36.87,1.27,99, 30, 7, 1, 1, 1
1551186787,36.95,1.72,99, 30, 7, 1, 1, 1
1551186845,37.07,1.57,123, 33, 1, 0, 0, 0
1551186903,37.18,1.38,123, 33, 1, 0, 0, 0
1551186961,37.26,1.23,144, 40, 6, 1, 0, 0
1551187020,37.32,1.51,144, 40, 6, 1, 0, 0
1551187078,37.40,1.46,111, 32, 2, 0, 0, 0
1551187136,37.43,1.37,111, 32, 2, 0, 0, 0
1551187194,37.45,1.23,81, 21, 5, 1, 1, 1
1551187253,37.54,0.87,81, 21, 5, 1, 1, 1
1551187311,37.57,1.33,162, 50, 8, 0, 0, 0
1551187369,37.62,1.25,162, 50, 8, 0, 0, 0
1551187427,37.64,1.18,114, 32, 2, 0, 0, 0
1551187486,37.65,1.43,114, 32, 2, 0, 0, 0
1551187544,37.70,1.54,96, 29, 3, 0, 0, 0
1551187602,37.70,1.80,96, 29, 3, 0, 0, 0
1551187660,37.75,1.22,138, 41, 7, 0, 0, 0
1551187719,37.77,1.35,138, 41, 7, 0, 0, 0
1551187777,37.78,1.31,66, 21, 3, 0, 0, 0
1551187835,37.77,1.51,66, 21, 3, 0, 0, 0
1551187894,37.79,1.39,168, 47, 7, 2, 0, 0
1551187952,37.82,1.25,168, 47, 7, 2, 0, 0
1551188010,37.85,2.37,135, 41, 10, 3, 1, 0
1551188068,37.85,2.31,135, 41, 10, 3, 1, 0
1551188127,37.82,1.47,147, 34, 1, 0, 0, 0
1551188185,37.85,2.33,147, 34, 1, 0, 0, 0
1551188243,37.87,2.49,123, 37, 4, 1, 1, 1
1551188301,37.87,2.26,123, 37, 4, 1, 1, 1
1551188360,37.88,2.26,210, 59, 12, 1, 0, 0
1551188418,37.90,2.37,210, 59, 12, 1, 0, 0
1551188476,37.89,1.86,153, 41, 9, 2, 1, 0
1551188534,37.93,1.53,153, 41, 9, 2, 1, 0
1551188593,37.95,1.89,321, 100, 23, 4, 0, 0
1551188651,37.94,1.76,321, 100, 23, 4, 0, 0
1551188709,37.96,2.09,192, 54, 12, 0, 0, 0
1551188768,37.95,1.94,192, 54, 12, 0, 0, 0
1551188826,37.96,1.92,372, 105, 21, 1, 0, 0
1551188884,37.95,1.81,372, 105, 21, 1, 0, 0
1551188942,38.00,2.19,372, 105, 21, 1, 0, 0
1551189000,38.00,1.78,321, 95, 19, 1, 1, 0
1551189059,38.01,1.87,246, 67, 22, 0, 0, 0
1551189117,38.03,1.87,306, 85, 17, 1, 0, 0
1551189176,38.00,1.80,333, 92, 20, 1, 0, 0
1551189234,38.03,1.43,480, 154, 40, 7, 1, 1
1551189292,38.04,1.87,471, 149, 35, 4, 0, 0
1551189350,38.07,1.54,579, 166, 36, 6, 0, 0
1551189409,38.06,2.00,612, 175, 36, 6, 0, 0
1551189467,38.04,1.03,504, 150, 30, 4, 1, 0
1551189525,38.04,1.78,492, 150, 28, 5, 1, 0
1551189584,38.01,1.53,432, 131, 26, 4, 0, 0
1551189642,38.00,1.63,411, 122, 24, 4, 0, 0
1551189700,38.03,1.37,687, 205, 44, 1, 0, 0
1551189758,38.04,1.50,687, 203, 45, 1, 0, 0
1551189817,38.06,1.37,666, 193, 54, 6, 3, 2
1551189875,38.08,1.93,684, 198, 56, 6, 3, 2
1551189933,38.08,1.43,423, 127, 24, 3, 2, 2
1551189991,38.05,1.67,423, 127, 29, 4, 3, 3
1551190050,38.06,1.85,477, 145, 16, 3, 3, 1
1551190108,38.07,2.41,495, 147, 17, 4, 3, 1
1551190166,38.07,2.18,363, 115, 22, 4, 2, 2
1551190225,38.07,2.01,381, 121, 22, 5, 2, 2
1551190283,38.06,1.96,426, 130, 24, 4, 1, 0
1551190341,38.07,2.56,366, 118, 26, 5, 1, 0
1551190399,38.08,2.46,420, 134, 26, 3, 2, 0
1551190458,38.11,2.73,384, 122, 26, 3, 1, 0
1551190518,38.10,2.38,297, 76, 19, 1, 0, 0
1551190610,38.10,2.26,291, 74, 17, 2, 0, 0
1551190669,38.08,3.00,387, 107, 24, 1, 0, 0
1551190727,38.09,2.49,354, 96, 18, 1, 0, 0
1551190785,38.09,2.47,378, 98, 14, 5, 1, 1
1551190843,38.10,2.21,375, 97, 14, 5, 1, 1
1551190902,38.09,2.11,276, 81, 12, 0, 0, 0
1551190960,38.08,2.27,255, 78, 11, 0, 0, 0
1551191018,38.06,2.29,180, 57, 15, 1, 1, 0
1551191077,38.04,1.98,174, 54, 14, 1, 1, 0
1551191135,38.07,2.62,297, 95, 7, 0, 0, 0
1551191193,38.09,2.35,327, 104, 7, 0, 0, 0
1551191251,38.08,2.40,201, 59, 11, 3, 1, 0
1551191310,38.07,2.12,201, 59, 11, 3, 1, 0
1551191368,38.06,2.14,207, 57, 8, 1, 0, 0
1551191427,38.06,2.28,201, 55, 8, 1, 0, 0
1551191485,38.06,2.88,186, 50, 15, 0, 0, 0
1551191544,38.07,2.27,186, 50, 15, 0, 0, 0
1551191603,38.06,1.63,270, 77, 3, 0, 0, 0
1551191661,38.08,2.17,270, 77, 3, 0, 0, 0
1551191720,38.09,2.30,195, 55, 11, 2, 1, 1
1551191779,38.08,2.40,195, 55, 11, 2, 1, 1
1551191837,38.07,2.37,234, 63, 8, 1, 0, 0
1551191896,38.10,2.37,234, 63, 8, 1, 0, 0
1551191954,38.14,2.55,249, 76, 19, 1, 0, 0
1551192012,38.12,2.21,249, 76, 19, 1, 0, 0
1551192070,38.15,1.42,156, 51, 6, 1, 1, 0
1551192129,38.17,2.14,156, 51, 6, 1, 1, 0
1551192187,38.15,1.87,183, 54, 12, 0, 0, 0
1551192245,38.14,1.61,183, 54, 12, 0, 0, 0
1551192303,38.16,1.74,150, 46, 8, 0, 0, 0
1551192362,38.18,1.76,150, 46, 8, 0, 0, 0
1551192420,38.15,2.05,216, 69, 15, 4, 1, 1
1551192478,38.17,1.78,216, 69, 15, 4, 1, 1
1551192537,38.17,1.64,189, 59, 10, 2, 0, 0
1551192595,38.16,2.13,189, 59, 10, 2, 0, 0
1551192653,38.19,2.37,150, 46, 5, 0, 0, 0
1551192712,38.20,2.52,150, 46, 5, 0, 0, 0
1551192770,38.20,2.12,249, 64, 9, 0, 0, 0
1551192829,38.19,1.52,249, 64, 9, 0, 0, 0
1551192887,38.16,1.39,219, 70, 12, 0, 0, 0
1551192945,38.18,1.37,219, 70, 12, 0, 0, 0
1551193003,38.19,1.54,204, 62, 18, 5, 2, 1
1551193062,38.20,1.80,204, 62, 18, 5, 2, 1
1551193120,38.19,1.68,165, 49, 4, 2, 0, 0
1551193179,38.19,1.34,159, 49, 4, 2, 0, 0
1551193237,38.15,1.80,117, 33, 3, 1, 0, 0
1551193296,38.15,1.56,129, 37, 4, 1, 0, 0
1551193354,38.17,1.69,174, 47, 11, 0, 0, 0
1551193412,38.18,1.29,153, 45, 11, 0, 0, 0
1551193470,38.17,1.28,81, 27, 4, 1, 0, 0
1551193529,38.14,1.27,96, 32, 5, 1, 0, 0
1551193587,38.15,1.75,210, 61, 19, 3, 2, 1
1551193645,38.15,1.45,195, 56, 18, 2, 2, 1
1551193703,38.14,1.28,171, 48, 11, 0, 0, 0
1551193762,38.17,1.39,171, 46, 10, 0, 0, 0
1551193820,38.19,1.71,201, 64, 6, 3, 1, 0
1551193878,38.16,1.22,210, 67, 9, 3, 1, 0
1551193936,38.17,1.60,159, 47, 6, 0, 0, 0
1551193995,38.19,1.94,117, 35, 5, 0, 0, 0
1551194053,38.19,1.52,183, 56, 9, 2, 0, 0
1551194111,38.22,1.50,204, 59, 9, 2, 1, 0
1551194170,38.20,1.12,117, 37, 7, 0, 0, 0
1551194228,38.21,1.32,126, 40, 6, 0, 0, 0
1551194319,38.21,1.24,99, 29, 6, 0, 0, 0
1551194377,38.21,1.81,99, 29, 6, 0, 0, 0
1551194435,38.19,1.60,249, 66, 5, 0, 0, 0
1551194494,38.19,1.42,249, 66, 5, 0, 0, 0
1551194552,38.20,1.39,123, 36, 5, 0, 0, 0
1551194610,38.22,1.40,123, 36, 5, 0, 0, 0
1551194668,38.21,1.39,102, 34, 13, 1, 1, 0
1551194727,38.20,1.44,102, 34, 13, 1, 1, 0
1551194785,38.23,1.12,165, 43, 13, 1, 0, 0
1551194843,38.22,1.26,165, 43, 13, 1, 0, 0
1551194902,38.24,1.27,174, 52, 7, 1, 0, 0
1551194960,38.21,1.44,174, 52, 7, 1, 0, 0
1551195019,38.19,1.51,150, 44, 6, 3, 0, 0
1551195077,38.18,1.11,165, 49, 7, 4, 0, 0
1551195135,38.20,1.27,120, 35, 3, 0, 0, 0
1551195194,38.22,1.21,150, 45, 3, 0, 0, 0
1551195252,38.25,1.16,126, 37, 6, 1, 0, 0
1551195310,38.23,1.16,135, 40, 8, 2, 0, 0
1551195368,38.23,1.19,144, 44, 3, 1, 1, 0
1551195427,38.24,1.25,123, 37, 2, 0, 0, 0
1551195485,38.24,1.21,99, 27, 7, 1, 0, 0
1551195543,38.25,1.43,114, 32, 6, 1, 0, 0
1551195601,38.30,1.45,228, 67, 14, 4, 3, 0
1551195660,38.28,1.23,237, 72, 15, 4, 3, 0
1551195718,38.23,1.08,132, 42, 2, 0, 0, 0
1551195776,38.25,1.21,138, 42, 3, 0, 0, 0
1551195834,38.24,1.16,306, 90, 16, 0, 0, 0
1551195893,38.23,1.71,351, 104, 17, 0, 0, 0
1551195952,38.25,0.95,234, 73, 15, 0, 0, 0
1551196010,38.24,1.12,234, 73, 15, 0, 0, 0
1551196068,38.23,1.21,213, 67, 11, 0, 0, 0
1551196127,38.24,1.07,213, 67, 11, 0, 0, 0
1551196185,38.23,1.37,222, 63, 5, 0, 0, 0
1551196243,38.26,1.23,222, 63, 5, 0, 0, 0
1551196302,38.24,1.17,204, 59, 11, 0, 0, 0
1551196360,38.22,1.08,204, 59, 11, 0, 0, 0
1551196418,38.24,1.09,141, 38, 6, 0, 0, 0
1551196476,38.25,0.88,141, 38, 6, 0, 0, 0
1551196535,38.26,0.94,213, 55, 12, 1, 0, 0
1551196593,38.24,0.99,213, 55, 12, 1, 0, 0
1551196651,38.26,1.11,183, 54, 15, 4, 1, 0
1551196709,38.25,1.06,183, 54, 15, 4, 1, 0
1551196768,38.26,1.62,147, 42, 3, 0, 0, 0
1551196826,38.26,1.47,147, 42, 3, 0, 0, 0
1551196884,38.29,1.08,165, 53, 9, 1, 0, 0
1551196942,38.29,1.28,165, 53, 9, 1, 0, 0
1551197001,38.30,0.70,192, 53, 10, 4, 0, 0
1551197059,38.29,0.70,192, 53, 10, 4, 0, 0
1551197117,38.30,0.69,177, 51, 5, 1, 1, 0
1551197175,38.30,0.81,177, 51, 5, 1, 1, 0
1551197234,38.31,0.76,144, 46, 9, 1, 1, 0
1551197292,38.32,0.66,144, 46, 9, 1, 1, 0
1551197350,38.30,0.76,147, 39, 8, 1, 0, 0
1551197408,38.29,0.65,147, 39, 8, 1, 0, 0
1551197467,38.30,0.67,144, 48, 4, 2, 0, 0
1551197525,38.31,0.63,144, 48, 4, 2, 0, 0
1551197583,38.31,0.51,171, 49, 17, 2, 0, 0
1551197642,38.29,0.60,171, 49, 17, 2, 0, 0
1551197700,38.29,0.60,186, 55, 10, 0, 0, 0
1551197758,38.28,0.63,186, 55, 10, 0, 0, 0
1551197816,38.29,0.70,192, 59, 3, 0, 0, 0
1551197875,38.29,0.73,192, 59, 3, 0, 0, 0
1551197934,38.25,0.76,117, 35, 4, 0, 0, 0
1551197992,38.28,0.63,117, 35, 4, 0, 0, 0
1551198050,38.25,0.81,138, 40, 11, 1, 0, 0
1551198108,38.28,0.69,138, 40, 11, 1, 0, 0
1551198167,38.29,0.52,141, 37, 3, 2, 0, 0
1551198225,38.25,0.54,141, 37, 3, 2, 0, 0
1551198283,38.24,0.35,177, 54, 7, 1, 0, 0
1551198341,38.25,0.56,177, 54, 7, 1, 0, 0
1551198400,38.23,0.47,144, 40, 8, 1, 1, 1
1551198458,38.26,0.74,144, 40, 8, 1, 1, 1
1551198516,38.24,0.76,168, 49, 6, 1, 1, 0
1551198575,38.23,0.57,168, 49, 6, 1, 1, 0
1551198633,38.23,0.69,162, 49, 7, 0, 0, 0
1551198691,38.24,0.69,162, 49, 7, 0, 0, 0
1551198749,38.19,0.95,216, 66, 6, 0, 0, 0
1551198808,38.22,1.05,216, 66, 6, 0, 0, 0
1551198866,38.18,0.72,111, 31, 4, 0, 0, 0
1551198924,38.20,0.60,111, 31, 4, 0, 0, 0
1551198982,38.17,0.66,168, 54, 5, 0, 0, 0
1551199041,38.18,0.63,168, 54, 5, 0, 0, 0
1551199099,38.18,0.49,246, 76, 7, 1, 1, 1
1551199157,38.19,0.62,246, 76, 7, 1, 1, 1
1551199215,38.18,0.70,189, 56, 7, 1, 1, 1
1551199274,38.21,0.50,189, 56, 7, 1, 1, 1
1551199332,38.17,0.62,228, 68, 3, 1, 0, 0
1551199390,38.20,0.65,228, 68, 3, 1, 0, 0
1551199448,38.19,0.67,183, 52, 7, 1, 0, 0
1551199507,38.20,1.16,183, 52, 7, 1, 0, 0
1551199565,38.19,1.47,189, 54, 8, 1, 0, 0
1551199623,38.22,1.85,177, 54, 6, 0, 0, 0
1551199681,38.20,0.53,246, 72, 9, 1, 0, 0
1551199740,38.20,1.14,171, 53, 10, 1, 1, 1
1551199798,38.20,1.05,171, 53, 10, 1, 1, 1
1551199857,38.22,0.86,219, 63, 21, 4, 3, 1
1551199915,38.25,0.66,219, 63, 21, 4, 3, 1
1551199973,38.25,1.02,240, 64, 2, 0, 0, 0
1551200031,38.22,0.68,240, 64, 2, 0, 0, 0
1551200090,38.22,0.80,168, 45, 1, 0, 0, 0
1551200148,38.22,0.63,168, 45, 1, 0, 0, 0
1551200206,38.20,0.75,129, 39, 8, 2, 1, 1
1551200264,38.19,0.75,129, 39, 8, 2, 1, 1
1551200323,38.21,0.74,144, 40, 11, 1, 0, 0
1551200381,38.19,0.40,144, 40, 11, 1, 0, 0
1551200439,38.18,0.85,177, 49, 6, 0, 0, 0
1551200497,38.20,0.67,177, 49, 6, 0, 0, 0
1551200556,38.17,0.66,123, 37, 4, 0, 0, 0
1551200614,38.17,0.79,123, 37, 4, 0, 0, 0
1551200672,38.14,0.71,138, 37, 5, 2, 1, 1
1551200731,38.15,0.86,138, 37, 5, 2, 1, 1
1551200789,38.17,0.69,153, 46, 10, 3, 1, 0
1551200847,38.16,0.69,153, 46, 10, 3, 1, 0
1551200905,38.16,0.52,234, 76, 11, 1, 0, 0
1551200964,38.17,0.60,234, 76, 11, 1, 0, 0
1551201022,38.19,0.44,213, 63, 15, 2, 2, 1
1551201080,38.20,0.65,213, 63, 15, 2, 2, 1
1551201138,38.17,0.72,135, 42, 2, 0, 0, 0
1551201197,38.18,0.59,135, 42, 2, 0, 0, 0
1551201255,38.19,0.60,171, 48, 7, 0, 0, 0
1551201313,38.18,0.75,171, 48, 7, 0, 0, 0
1551201371,38.19,0.72,132, 41, 7, 1, 0, 0
1551201430,38.15,0.95,132, 41, 7, 1, 0, 0
1551201488,38.15,0.93,168, 48, 6, 0, 0, 0
1551201546,38.17,1.05,168, 48, 6, 0, 0, 0
1551201604,38.15,0.57,156, 45, 5, 3, 0, 0
1551201663,38.15,0.54,156, 45, 5, 3, 0, 0
1551201721,38.12,0.37,120, 37, 4, 0, 0, 0
1551201779,38.15,0.31,120, 37, 4, 0, 0, 0
1551201837,38.15,0.49,177, 48, 3, 0, 0, 0
1551201896,38.14,0.62,177, 48, 3, 0, 0, 0
1551201954,38.15,0.69,180, 52, 6, 0, 0, 0
1551202012,38.16,0.50,180, 52, 6, 0, 0, 0
1551202070,38.18,0.48,150, 44, 3, 0, 0, 0
1551202129,38.15,0.32,150, 44, 3, 0, 0, 0
1551202187,38.16,0.53,225, 58, 3, 0, 0, 0
1551202245,38.16,0.36,225, 58, 3, 0, 0, 0
1551202303,38.15,0.61,225, 64, 9, 2, 0, 0
1551202362,38.12,0.73,225, 64, 9, 2, 0, 0
1551202420,38.15,0.66,153, 47, 1, 0, 0, 0
1551202478,38.15,0.87,153, 47, 1, 0, 0, 0
1551202536,38.14,0.56,204, 61, 9, 0, 0, 0
1551202595,38.12,0.58,204, 61, 9, 0, 0, 0
1551202653,38.11,0.42,219, 67, 12, 1, 0, 0
1551202711,38.11,0.64,219, 67, 12, 1, 0, 0
1551202769,38.12,0.71,120, 40, 8, 1, 0, 0
1551202828,38.12,0.52,120, 40, 8, 1, 0, 0
1551202886,38.17,0.48,141, 40, 5, 0, 0, 0
1551202944,38.16,0.86,141, 40, 5, 0, 0, 0
1551203003,38.18,0.84,183, 51, 5, 0, 0, 0
1551203061,38.16,0.55,183, 51, 5, 0, 0, 0
1551203119,38.17,0.60,291, 83, 7, 0, 0, 0
1551203177,38.18,0.90,291, 83, 7, 0, 0, 0
1551203236,38.18,0.63,339, 102, 19, 0, 0, 0
1551203294,38.19,0.74,339, 102, 19, 0, 0, 0
1551203352,38.20,1.30,198, 59, 4, 0, 0, 0
1551203410,38.24,0.90,198, 59, 4, 0, 0, 0
1551203469,38.25,0.84,309, 83, 14, 3, 1, 0
1551203528,38.24,0.79,309, 83, 14, 3, 1, 0
1551203586,38.25,0.67,213, 66, 14, 3, 1, 0
1551203644,38.29,0.97,213, 66, 14, 3, 1, 0
1551203702,38.30,0.53,234, 73, 11, 2, 1, 0
1551203761,38.31,1.08,234, 73, 11, 2, 1, 0
1551203819,38.29,1.10,168, 52, 7, 1, 0, 0
1551203877,38.30,0.83,168, 52, 7, 1, 0, 0
1551203936,38.29,0.87,207, 62, 5, 0, 0, 0
1551203994,38.28,1.00,207, 62, 5, 0, 0, 0
1551204052,38.29,0.95,192, 56, 17, 1, 1, 1
1551204110,38.26,0.92,192, 56, 17, 1, 1, 1
1551204169,38.29,0.68,258, 82, 13, 4, 2, 0
1551204227,38.28,0.66,258, 82, 13, 4, 2, 0
1551204285,38.32,0.79,282, 84, 19, 3, 1, 0
1551204343,38.31,0.45,282, 84, 19, 3, 1, 0
1551204402,38.31,0.59,177, 55, 7, 2, 0, 0
1551204460,38.32,0.53,177, 55, 7, 2, 0, 0
1551204518,38.26,0.50,219, 55, 10, 0, 0, 0
1551204576,38.29,0.94,219, 55, 10, 0, 0, 0
1551204635,38.29,0.96,282, 80, 7, 0, 0, 0
1551204693,38.29,0.63,282, 80, 7, 0, 0, 0
1551204751,38.30,0.74,198, 60, 16, 0, 0, 0
1551204809,38.31,0.84,198, 60, 16, 0, 0, 0
1551204868,38.32,1.04,198, 61, 13, 3, 1, 0
1551204926,38.30,1.31,198, 61, 13, 3, 1, 0
1551204984,38.30,0.99,216, 65, 15, 3, 2, 1
1551205043,38.30,1.36,216, 65, 15, 3, 2, 1
1551205101,38.31,0.92,210, 61, 15, 1, 1, 1
1551205159,38.28,1.21,210, 61, 15, 1, 1, 1
1551205217,38.30,0.66,225, 64, 13, 1, 0, 0
1551205276,38.28,1.02,225, 64, 13, 1, 0, 0
1551205334,38.31,1.06,213, 67, 8, 1, 1, 1
1551205392,38.26,1.45,213, 67, 8, 1, 1, 1
1551205450,38.24,1.05,264, 70, 6, 0, 0, 0
1551205509,38.26,0.85,264, 70, 6, 0, 0, 0
1551205567,38.28,1.02,225, 62, 8, 0, 0, 0
1551205625,38.30,0.83,225, 62, 8, 0, 0, 0
1551205683,38.29,1.05,201, 64, 4, 1, 0, 0
1551205742,38.29,1.29,201, 64, 4, 1, 0, 0
1551205800,38.28,0.86,276, 81, 16, 1, 0, 0
1551205858,38.25,0.89,276, 81, 16, 1, 0, 0
1551205916,38.25,0.83,162, 49, 7, 3, 0, 0
1551205975,38.25,0.60,162, 49, 7, 3, 0, 0
1551206033,38.25,0.66,135, 41, 6, 0, 0, 0
1551206091,38.24,0.85,135, 41, 6, 0, 0, 0
1551206149,38.24,0.66,270, 72, 6, 0, 0, 0
1551206208,38.22,0.66,270, 72, 6, 0, 0, 0
1551206266,38.21,0.99,207, 59, 11, 1, 0, 0
1551206324,38.19,0.86,207, 59, 11, 1, 0, 0
1551206382,38.20,0.80,165, 55, 3, 0, 0, 0
1551206441,38.20,1.10,165, 55, 3, 0, 0, 0
1551206499,38.21,0.44,138, 34, 2, 0, 0, 0
1551206557,38.19,0.72,138, 34, 2, 0, 0, 0
1551206615,38.20,0.47,210, 64, 7, 0, 0, 0
1551206674,38.19,0.52,210, 64, 7, 0, 0, 0
1551206732,38.21,0.60,324, 96, 16, 2, 1, 1
1551206790,38.17,0.44,324, 96, 16, 2, 1, 1
1551206848,38.17,0.31,150, 48, 13, 1, 0, 0
1551206907,38.12,0.33,150, 48, 13, 1, 0, 0
1551206965,38.15,0.69,243, 74, 11, 3, 1, 0
1551207023,38.15,0.83,243, 74, 11, 3, 1, 0
1551207081,38.14,0.64,222, 67, 9, 0, 0, 0
1551207140,38.15,0.35,222, 67, 9, 0, 0, 0
1551207198,38.15,0.37,282, 76, 5, 2, 0, 0
1551207256,38.16,0.34,282, 76, 5, 2, 0, 0
1551207315,38.16,0.34,246, 74, 10, 3, 0, 0
1551207373,38.15,0.36,246, 74, 10, 3, 0, 0
1551207431,38.19,0.42,270, 75, 15, 2, 0, 0
1551207489,38.17,0.92,270, 75, 15, 2, 0, 0
1551207548,38.15,0.60,243, 75, 15, 3, 2, 0
1551207606,38.10,0.46,243, 75, 15, 3, 2, 0
1551207664,38.11,0.58,222, 67, 8, 1, 0, 0
1551207723,38.15,0.29,231, 70, 11, 1, 0, 0
1551207781,38.17,0.51,189, 53, 5, 1, 0, 0
1551207840,38.18,0.49,168, 50, 5, 1, 0, 0
1551207898,38.21,0.34,162, 45, 13, 1, 1, 1
1551207956,38.19,1.13,186, 50, 16, 1, 1, 1
1551208014,38.21,0.30,225, 60, 9, 1, 0, 0
1551208073,38.19,0.37,177, 46, 6, 0, 0, 0
1551208131,38.20,0.29,237, 61, 4, 0, 0, 0
1551208189,38.19,0.39,231, 59, 4, 0, 0, 0
1551208247,38.19,0.21,285, 83, 20, 3, 0, 0
1551208306,38.18,1.24,279, 83, 18, 3, 0, 0
1551208364,38.21,0.50,291, 81, 9, 2, 2, 1
1551208422,38.21,0.19,282, 78, 9, 2, 2, 1
1551208480,38.22,0.40,246, 74, 12, 4, 0, 0
1551208539,38.22,0.27,225, 71, 10, 5, 0, 0
1551208597,38.21,0.08,189, 58, 6, 1, 1, 0
1551208655,38.22,0.02,168, 49, 6, 1, 1, 0
1551208713,38.22,-0.01,267, 76, 6, 0, 0, 0
1551208772,38.22,0.26,267, 76, 6, 0, 0, 0
1551208830,38.19,0.31,285, 83, 17, 4, 3, 1
1551208888,38.18,0.17,336, 100, 18, 4, 3, 1
1551208946,38.18,0.43,201, 62, 5, 1, 0, 0
1551209005,38.20,0.13,213, 62, 4, 1, 0, 0
1551209063,38.20,0.21,309, 95, 8, 0, 0, 0
1551209121,38.20,-0.03,309, 93, 11, 0, 0, 0
1551209180,38.21,0.10,123, 34, 1, 0, 0, 0
1551209238,38.24,0.22,129, 36, 2, 0, 0, 0
1551209296,38.19,0.08,147, 43, 8, 0, 0, 0
1551209354,38.21,0.22,132, 38, 5, 0, 0, 0
1551209413,38.24,0.57,207, 60, 8, 1, 0, 0
1551209471,38.25,0.08,192, 59, 9, 1, 0, 0
1551209529,38.21,0.10,162, 47, 6, 1, 1, 0
1551209587,38.22,0.15,150, 43, 1, 0, 0, 0
1551209646,38.24,0.22,219, 67, 17, 2, 2, 0
1551209704,38.26,0.24,225, 69, 17, 2, 2, 0
1551209762,38.24,0.32,192, 62, 10, 1, 1, 1
1551209820,38.25,0.12,201, 60, 11, 1, 1, 1
1551209879,38.28,0.17,399, 124, 22, 2, 0, 0
1551209937,38.26,0.04,408, 127, 22, 2, 0, 0
1551209995,38.26,-0.08,594, 170, 33, 5, 1, 1
1551210054,38.24,0.05,639, 186, 36, 6, 1, 1
1551210112,38.28,-0.09,2427, 739, 173, 22, 5, 2
1551210171,38.29,0.09,2448, 740, 175, 22, 5, 2
1551210229,38.28,0.02,2649, 793, 155, 18, 4, 1
1551210288,38.28,-0.17,2706, 810, 163, 18, 4, 1
1551210347,38.28,-0.13,2157, 656, 137, 25, 4, 0
1551210405,38.30,0.15,2142, 651, 137, 24, 4, 0
1551210464,38.28,0.10,2580, 762, 163, 17, 6, 3
1551210523,38.30,0.01,2520, 749, 159, 16, 5, 2
1551210581,38.29,0.07,2010, 584, 105, 10, 2, 2
1551210639,38.25,0.08,2010, 584, 105, 10, 2, 2
1551210698,38.26,0.01,1344, 409, 72, 7, 2, 1
1551210756,38.23,-0.11,1344, 409, 72, 7, 2, 1
1551210814,38.24,-0.17,1053, 295, 74, 8, 3, 1
1551210872,38.25,-0.16,1053, 295, 74, 8, 3, 1
1551210931,38.22,-0.05,1113, 327, 46, 1, 0, 0
1551210990,38.20,-0.07,1113, 327, 46, 1, 0, 0
1551211048,38.21,-0.10,1059, 313, 57, 3, 1, 0
1551211106,38.22,-0.24,1059, 313, 57, 3, 1, 0
1551211164,38.20,-0.20,741, 224, 41, 6, 2, 1
1551211223,38.20,-0.24,741, 224, 41, 6, 2, 1
1551211281,38.21,-0.30,594, 176, 22, 1, 0, 0
1551211340,38.18,-0.19,594, 176, 22, 1, 0, 0
1551211398,38.17,-0.46,543, 163, 18, 4, 1, 1
1551211456,38.17,-0.50,543, 163, 18, 4, 1, 1
1551211514,38.16,-0.41,567, 161, 21, 3, 1, 0
1551211573,38.15,-0.37,567, 161, 21, 3, 1, 0
1551211632,38.17,-0.35,459, 126, 24, 1, 0, 0
1551211690,38.16,-0.37,501, 143, 26, 1, 0, 0
1551211748,38.17,-0.36,435, 129, 21, 5, 2, 1
1551211807,38.16,-0.50,453, 131, 21, 6, 2, 1
1551211865,38.15,-0.37,645, 182, 29, 6, 2, 1
1551211923,38.14,-0.52,666, 189, 27, 6, 2, 1
1551211981,38.12,-0.66,429, 125, 14, 1, 1, 0
1551212040,38.12,-0.69,438, 134, 16, 1, 1, 0
1551212098,38.09,-0.56,369, 108, 10, 1, 0, 0
1551212156,38.10,-0.50,369, 108, 8, 1, 0, 0
1551212214,38.09,-0.49,513, 147, 20, 2, 0, 0
1551212274,38.09,-0.82,513, 147, 20, 2, 0, 0
1551212332,38.11,-0.70,372, 104, 15, 0, 0, 0
1551212390,38.07,-0.92,372, 104, 15, 0, 0, 0
1551212449,38.10,-0.72,321, 92, 14, 1, 0, 0
1551212508,38.10,-0.56,321, 92, 14, 1, 0, 0
1551212566,38.11,-0.72,309, 97, 14, 2, 1, 0
1551212624,38.09,-0.65,309, 97, 14, 2, 1, 0
1551212682,38.11,-0.64,378, 110, 20, 2, 0, 0
1551212741,38.07,-0.65,378, 110, 20, 2, 0, 0
1551212799,38.07,-0.69,396, 121, 12, 2, 1, 0
1551212857,38.05,-0.49,396, 121, 12, 2, 1, 0
1551212915,38.05,-0.53,420, 113, 17, 2, 1, 0
1551212974,38.04,-0.59,420, 113, 17, 2, 1, 0
1551213032,38.07,-0.66,378, 112, 17, 2, 0, 0
1551213090,38.05,-0.74,378, 112, 17, 2, 0, 0
1551213148,38.07,-0.84,378, 101, 11, 0, 0, 0
1551213207,38.06,-0.83,378, 101, 11, 0, 0, 0
1551213265,38.05,-0.62,354, 91, 14, 1, 0, 0
1551213323,38.03,-0.52,354, 91, 14, 1, 0, 0
1551213382,38.05,-0.48,408, 121, 14, 1, 0, 0
1551213440,38.07,-0.72,408, 121, 14, 1, 0, 0
1551213498,38.06,-0.62,348, 107, 21, 1, 0, 0
1551213556,38.03,-0.64,348, 107, 21, 1, 0, 0
1551213615,38.06,-0.72,294, 85, 6, 0, 0, 0
1551213673,38.02,-0.55,294, 85, 6, 0, 0, 0
1551213731,38.03,-0.71,360, 106, 20, 4, 0, 0
1551213789,38.04,-0.77,360, 106, 20, 4, 0, 0
1551213848,38.04,-0.75,357, 106, 14, 4, 2, 2
1551213906,38.04,-0.72,357, 106, 14, 4, 2, 2
1551213964,38.05,-0.63,342, 102, 19, 3, 0, 0
1551214023,38.06,-0.77,342, 102, 19, 3, 0, 0
1551214081,38.03,-0.83,330, 103, 18, 3, 0, 0
1551214139,38.01,-0.85,330, 103, 18, 3, 0, 0
1551214197,38.00,-0.72,234, 69, 6, 1, 0, 0
1551214256,38.02,-0.58,234, 69, 6, 1, 0, 0
1551214314,38.01,-0.67,399, 117, 7, 0, 0, 0
1551214372,38.00,-1.02,399, 117, 7, 0, 0, 0
1551214430,38.04,-1.00,300, 91, 15, 1, 0, 0
1551214489,38.01,-0.94,300, 91, 15, 1, 0, 0
1551214547,38.00,-0.99,279, 89, 13, 0, 0, 0
1551214605,38.00,-0.95,279, 89, 13, 0, 0, 0
1551214663,38.00,-0.83,258, 83, 3, 0, 0, 0
1551214722,37.96,-0.91,258, 83, 3, 0, 0, 0
1551214780,37.99,-0.82,354, 106, 7, 1, 1, 0
1551214838,37.96,-0.90,354, 106, 7, 1, 1, 0
1551214897,37.96,-1.05,312, 92, 7, 2, 0, 0
1551214955,37.99,-0.99,312, 92, 7, 2, 0, 0
1551215013,37.95,-0.65,324, 99, 5, 0, 0, 0
1551215071,37.94,-0.58,324, 99, 5, 0, 0, 0
1551215130,37.95,-0.91,273, 76, 13, 1, 0, 0
1551215188,38.01,-0.93,273, 76, 13, 1, 0, 0
1551215246,37.95,-1.04,327, 89, 18, 1, 0, 0
1551215305,37.94,-1.11,327, 89, 18, 1, 0, 0
1551215363,37.94,-0.97,264, 70, 14, 1, 0, 0
1551215422,37.92,-0.91,243, 66, 13, 1, 0, 0
1551215480,37.92,-0.93,237, 73, 6, 0, 0, 0
1551215538,37.92,-1.02,258, 77, 7, 1, 0, 0
1551215596,37.95,-1.04,243, 75, 5, 0, 0, 0
1551215655,37.95,-1.19,264, 82, 5, 0, 0, 0
1551215713,37.94,-1.09,318, 96, 7, 2, 2, 1
1551215771,37.94,-1.11,297, 84, 6, 1, 1, 0
1551215830,37.95,-1.14,273, 73, 6, 1, 0, 0
1551215888,37.96,-1.26,273, 71, 5, 1, 0, 0
1551215946,37.92,-0.99,363, 115, 14, 1, 1, 1
1551216004,37.92,-1.14,408, 129, 19, 1, 1, 1
1551216063,37.87,-0.92,309, 80, 15, 3, 0, 0
1551216121,37.87,-0.90,282, 77, 13, 3, 0, 0
1551216179,37.87,-1.08,369, 103, 11, 0, 0, 0
1551216237,37.88,-1.17,354, 105, 12, 0, 0, 0
1551216296,37.88,-1.24,333, 98, 9, 1, 0, 0
1551216354,37.89,-1.27,318, 93, 12, 2, 0, 0
1551216413,37.87,-1.25,459, 126, 13, 0, 0, 0
1551216471,37.88,-1.19,459, 126, 13, 0, 0, 0
1551216530,37.88,-1.16,327, 96, 7, 0, 0, 0
1551216588,37.85,-1.26,327, 96, 7, 0, 0, 0
1551216646,37.87,-1.37,315, 98, 15, 0, 0, 0
1551216705,37.88,-1.31,315, 98, 15, 0, 0, 0
1551216763,37.87,-1.32,258, 77, 8, 0, 0, 0
1551216821,37.86,-1.12,258, 77, 8, 0, 0, 0
1551216879,37.86,-1.14,423, 117, 11, 2, 0, 0
1551216938,37.84,-1.15,423, 117, 11, 2, 0, 0
1551216996,37.84,-1.20,438, 139, 9, 0, 0, 0
1551217054,37.81,-1.21,438, 139, 9, 0, 0, 0
1551217112,37.80,-1.42,306, 92, 9, 1, 0, 0
1551217171,37.85,-1.30,306, 92, 9, 1, 0, 0
1551217229,37.84,-1.24,321, 95, 8, 0, 0, 0
1551217287,37.84,-1.08,321, 95, 8, 0, 0, 0
1551217345,37.86,-1.17,378, 112, 26, 4, 2, 1
1551217404,37.84,-1.17,378, 112, 26, 4, 2, 1
1551217462,37.84,-1.06,321, 95, 5, 2, 2, 2
1551217520,37.85,-1.09,321, 95, 5, 2, 2, 2
1551217578,37.81,-1.18,438, 124, 12, 2, 0, 0
1551217637,37.80,-0.87,438, 124, 12, 2, 0, 0
1551217695,37.80,-1.08,345, 99, 7, 0, 0, 0
1551217753,37.77,-1.13,345, 99, 7, 0, 0, 0
1551217812,37.76,-1.21,459, 125, 16, 3, 1, 1
1551217870,37.74,-1.17,459, 125, 16, 3, 1, 1
1551217928,37.76,-1.36,330, 105, 15, 1, 1, 0
1551217986,37.75,-1.37,330, 105, 15, 1, 1, 0
1551218045,37.77,-1.20,312, 85, 10, 0, 0, 0
1551218103,37.76,-1.19,312, 85, 10, 0, 0, 0
1551218161,37.78,-1.26,321, 99, 12, 1, 0, 0
1551218219,37.78,-1.07,321, 99, 12, 1, 0, 0
1551218278,37.77,-1.09,402, 116, 15, 1, 0, 0
1551218336,37.74,-1.13,402, 116, 15, 1, 0, 0
1551218394,37.76,-1.17,312, 95, 10, 0, 0, 0
1551218453,37.74,-1.17,312, 95, 10, 0, 0, 0
1551218511,37.73,-1.22,369, 101, 9, 2, 0, 0
1551218569,37.72,-1.11,369, 101, 9, 2, 0, 0
1551218627,37.72,-1.14,390, 109, 16, 0, 0, 0
1551218686,37.71,-1.19,390, 109, 16, 0, 0, 0
1551218744,37.70,-1.16,231, 72, 7, 0, 0, 0
1551218802,37.70,-1.20,231, 72, 7, 0, 0, 0
1551218860,37.70,-1.24,348, 107, 13, 2, 0, 0
1551218919,37.72,-1.34,348, 107, 13, 2, 0, 0
1551218977,37.75,-1.29,372, 104, 13, 1, 0, 0
1551219035,37.71,-0.13,372, 104, 13, 1, 0, 0
1551219093,37.72,-0.55,327, 101, 11, 1, 0, 0
1551219152,37.71,-1.33,327, 101, 11, 1, 0, 0
1551219210,37.74,-1.47,297, 83, 10, 1, 1, 0
1551219268,37.74,-1.41,297, 83, 10, 1, 1, 0
1551219327,37.75,-1.38,372, 109, 17, 2, 0, 0
1551219385,37.74,-1.55,372, 109, 17, 2, 0, 0
1551219443,37.76,-1.48,276, 82, 11, 1, 0, 0
1551219501,37.76,-1.56,276, 82, 11, 1, 0, 0
1551219560,37.71,-1.53,363, 107, 10, 1, 0, 0
1551219618,37.74,-1.44,363, 107, 10, 1, 0, 0
1551219676,37.74,-1.56,354, 97, 20, 1, 0, 0
1551219734,37.75,-1.53,354, 97, 20, 1, 0, 0
1551219793,37.73,-1.51,393, 116, 11, 0, 0, 0
1551219851,37.73,-1.54,393, 116, 11, 0, 0, 0
1551219909,37.70,-1.51,396, 123, 13, 3, 1, 1
1551219968,37.71,-1.49,396, 123, 13, 3, 1, 1
1551220026,37.71,-1.59,345, 101, 12, 1, 0, 0
1551220084,37.65,-1.58,345, 101, 12, 1, 0, 0
1551220142,37.67,-1.49,333, 98, 13, 0, 0, 0
1551220201,37.69,-1.48,333, 98, 13, 0, 0, 0
1551220259,37.64,-1.37,351, 97, 9, 0, 0, 0
1551220318,37.63,-1.53,351, 97, 9, 0, 0, 0
1551220376,37.65,-1.58,432, 120, 9, 3, 0, 0
1551220434,37.62,-1.58,432, 120, 9, 3, 0, 0
1551220492,37.63,-1.61,324, 107, 17, 0, 0, 0
1551220551,37.63,-1.50,324, 107, 17, 0, 0, 0
1551220609,37.63,-1.58,288, 87, 5, 0, 0, 0
1551220667,37.61,-1.39,288, 87, 5, 0, 0, 0
1551220725,37.59,-1.24,387, 106, 13, 0, 0, 0
1551220784,37.60,-1.29,387, 106, 13, 0, 0, 0
1551220842,37.61,-1.48,309, 91, 12, 1, 0, 0
1551220900,37.63,-1.58,309, 91, 12, 1, 0, 0
1551220959,37.67,-1.52,345, 103, 16, 2, 1, 1
1551221017,37.63,-1.62,345, 103, 16, 2, 1, 1
1551221075,37.64,-1.63,315, 96, 11, 1, 1, 0
1551221133,37.66,-1.63,315, 96, 11, 1, 1, 0
1551221193,37.69,-1.64,378, 107, 11, 1, 1, 1
1551221251,37.66,-1.64,378, 107, 11, 1, 1, 1
1551221309,37.66,-1.66,282, 80, 14, 1, 1, 0
1551221367,37.64,-1.56,282, 80, 14, 1, 1, 0
1551221426,37.64,-1.64,360, 104, 17, 3, 0, 0
1551221484,37.65,-1.62,360, 104, 17, 3, 0, 0
1551221542,37.64,-1.71,354, 103, 13, 1, 0, 0
1551221600,37.64,-1.75,354, 103, 13, 1, 0, 0
1551221659,37.63,-1.68,288, 84, 4, 1, 0, 0
1551221717,37.64,-1.77,288, 84, 4, 1, 0, 0
1551221775,37.65,-1.85,354, 109, 7, 1, 1, 1
1551221833,37.64,-1.73,354, 109, 7, 1, 1, 1
1551221892,37.64,-1.68,405, 123, 19, 1, 0, 0
1551221950,37.62,-1.69,405, 123, 19, 1, 0, 0
1551222008,37.61,-1.75,486, 139, 23, 1, 0, 0
1551222067,37.60,-1.75,486, 139, 23, 1, 0, 0
1551222125,37.63,-1.53,471, 142, 15, 0, 0, 0
1551222183,37.60,-1.75,471, 142, 15, 0, 0, 0
1551222241,37.62,-1.59,387, 117, 22, 6, 5, 3
1551222300,37.60,-1.71,387, 117, 22, 6, 5, 3
1551222358,37.62,-1.62,336, 103, 8, 1, 0, 0
1551222416,37.63,-1.55,336, 103, 8, 1, 0, 0
1551222474,37.62,-1.59,306, 86, 8, 0, 0, 0
1551222533,37.62,-1.67,306, 86, 8, 0, 0, 0
1551222591,37.60,-1.46,369, 105, 18, 1, 0, 0
1551222649,37.59,-1.55,369, 105, 18, 1, 0, 0
1551222707,37.60,-1.75,366, 111, 22, 2, 0, 0
1551222766,37.60,-1.72,366, 111, 22, 2, 0, 0
1551222824,37.63,-1.71,342, 98, 16, 1, 0, 0
1551222882,37.60,-1.79,342, 98, 16, 1, 0, 0
1551222940,37.62,-1.64,366, 94, 13, 1, 1, 0
1551222999,37.62,-1.75,366, 94, 13, 1, 1, 0
1551223057,37.58,-1.22,396, 115, 11, 1, 0, 0
1551223115,37.61,-1.18,396, 115, 11, 1, 0, 0
1551223174,37.60,-1.36,318, 89, 13, 1, 1, 0
1551223232,37.59,-1.53,318, 89, 13, 1, 1, 0
1551223290,37.62,-1.59,435, 129, 14, 1, 0, 0
1551223348,37.60,-0.71,435, 129, 14, 1, 0, 0
1551223407,37.60,-1.59,264, 69, 5, 0, 0, 0
1551223465,37.59,-1.43,264, 69, 5, 0, 0, 0
1551223523,37.59,-1.52,243, 61, 10, 1, 1, 0
1551223582,37.59,-1.64,243, 61, 10, 1, 1, 0
1551223640,37.60,-1.69,216, 63, 9, 2, 1, 1
1551223698,37.60,-1.55,216, 63, 9, 2, 1, 1
1551223756,37.58,-1.55,387, 122, 29, 5, 2, 1
1551223815,37.59,-1.30,387, 122, 29, 5, 2, 1
1551223873,37.60,-1.47,282, 91, 17, 3, 1, 0
1551223931,37.59,-1.63,282, 91, 17, 3, 1, 0
1551223989,37.58,-1.61,273, 73, 9, 0, 0, 0
1551224048,37.59,-1.74,273, 73, 9, 0, 0, 0
1551224106,37.62,-1.69,375, 113, 12, 0, 0, 0
1551224164,37.65,-1.95,375, 113, 12, 0, 0, 0
1551224222,37.65,-1.55,312, 86, 9, 0, 0, 0
1551224281,37.64,-1.89,312, 86, 9, 0, 0, 0
1551224339,37.66,-1.99,366, 101, 3, 0, 0, 0
1551224397,37.63,-1.95,366, 101, 3, 0, 0, 0
1551224455,37.62,-1.83,420, 130, 31, 2, 1, 0
1551224514,37.62,-1.46,420, 130, 31, 2, 1, 0
1551224572,37.62,-2.00,387, 112, 19, 0, 0, 0
1551224630,37.61,-2.04,387, 112, 19, 0, 0, 0
1551224689,37.61,-1.74,309, 85, 11, 0, 0, 0
1551224747,37.62,-1.64,309, 85, 11, 0, 0, 0
1551224805,37.61,-1.93,306, 90, 18, 2, 1, 0
1551224863,37.61,-1.94,306, 90, 18, 2, 1, 0
1551224922,37.62,-1.66,315, 90, 6, 0, 0, 0
1551224980,37.60,-1.92,315, 90, 6, 0, 0, 0
1551225038,37.62,-2.01,393, 116, 13, 2, 0, 0
1551225096,37.62,-2.07,393, 116, 13, 2, 0, 0
1551225155,37.63,-2.04,303, 86, 10, 0, 0, 0
1551225213,37.65,-2.14,303, 86, 10, 0, 0, 0
1551225271,37.64,-2.04,288, 90, 11, 1, 1, 0
1551225330,37.62,-2.07,288, 90, 11, 1, 1, 0
1551225388,37.63,-2.00,369, 116, 17, 1, 0, 0
1551225446,37.61,-1.34,369, 116, 17, 1, 0, 0
1551225504,37.61,-1.78,294, 83, 11, 1, 1, 1
1551225563,37.60,-1.95,294, 83, 11, 1, 1, 1
1551225621,37.60,-1.92,237, 72, 8, 1, 0, 0
1551225679,37.63,-2.04,237, 72, 8, 1, 0, 0
1551225737,37.62,-1.90,300, 93, 10, 1, 0, 0
1551225796,37.63,-1.96,300, 93, 10, 1, 0, 0
1551225854,37.62,-1.91,396, 123, 20, 1, 0, 0
1551225912,37.63,-1.91,396, 123, 20, 1, 0, 0
1551225970,37.62,-1.86,303, 87, 11, 0, 0, 0
1551226029,37.63,-1.27,303, 87, 11, 0, 0, 0
1551226087,37.59,-1.98,282, 80, 12, 1, 0, 0
1551226145,37.59,-2.03,282, 80, 12, 1, 0, 0
1551226203,37.60,-2.04,255, 69, 6, 0, 0, 0
1551226262,37.60,-2.06,255, 69, 6, 0, 0, 0
1551226320,37.58,-1.61,258, 83, 12, 1, 0, 0
1551226378,37.59,-1.82,258, 83, 12, 1, 0, 0
1551226437,37.62,-1.75,360, 103, 14, 0, 0, 0
1551226495,37.62,-1.94,360, 103, 14, 0, 0, 0
1551226553,37.62,-1.84,279, 89, 14, 1, 0, 0
1551226611,37.64,-1.59,279, 89, 14, 1, 0, 0
1551226670,37.62,-1.71,312, 92, 11, 2, 1, 0
1551226728,37.66,-2.00,312, 92, 11, 2, 1, 0
1551226786,37.63,-1.98,297, 94, 12, 1, 0, 0
1551226844,37.65,-1.94,297, 94, 12, 1, 0, 0
1551226903,37.63,-1.96,378, 111, 16, 1, 0, 0
1551226961,37.65,-1.87,378, 111, 16, 1, 0, 0
1551227019,37.66,-1.91,210, 58, 6, 1, 0, 0
1551227077,37.67,-1.91,210, 58, 6, 1, 0, 0
1551227136,37.64,-2.04,285, 80, 9, 0, 0, 0
1551227194,37.63,-1.80,285, 80, 9, 0, 0, 0
1551227252,37.62,-1.86,387, 114, 16, 1, 0, 0
1551227311,37.61,-1.84,387, 114, 16, 1, 0, 0
1551227369,37.61,-1.52,417, 118, 17, 0, 0, 0
1551227427,37.62,-1.84,417, 118, 17, 0, 0, 0
1551227485,37.58,-1.76,291, 86, 12, 0, 0, 0
1551227544,37.57,-1.73,291, 86, 12, 0, 0, 0
1551227602,37.59,-1.79,255, 71, 5, 0, 0, 0
1551227660,37.60,-1.71,255, 71, 5, 0, 0, 0
1551227718,37.58,-1.73,288, 89, 10, 0, 0, 0
1551227777,37.58,-1.80,288, 89, 10, 0, 0, 0
1551227835,37.57,-1.72,231, 72, 12, 1, 0, 0
1551227893,37.56,-1.75,231, 72, 12, 1, 0, 0
1551227951,37.58,-1.85,336, 94, 15, 4, 1, 0
1551228010,37.58,-1.99,336, 94, 15, 4, 1, 0
1551228068,37.58,-1.82,333, 94, 13, 0, 0, 0
1551228126,37.56,-1.70,333, 94, 13, 0, 0, 0
1551228185,37.50,-1.60,300, 78, 11, 3, 1, 0
1551228243,37.54,-1.77,300, 78, 11, 3, 1, 0
1551228301,37.55,-1.71,336, 94, 14, 1, 1, 0
1551228359,37.57,-1.64,336, 94, 14, 1, 1, 0
1551228418,37.58,-1.86,288, 84, 18, 4, 0, 0
1551228476,37.57,-1.87,288, 84, 18, 4, 0, 0
1551228534,37.57,-1.80,330, 102, 12, 1, 1, 1
1551228592,37.57,-1.79,330, 102, 12, 1, 1, 1
1551228651,37.55,-1.71,252, 74, 11, 2, 1, 0
1551228709,37.54,-1.71,252, 74, 11, 2, 1, 0
1551228767,37.54,-1.50,324, 98, 19, 4, 0, 0
1551228825,37.52,-1.49,324, 98, 19, 4, 0, 0
1551228884,37.55,-1.49,240, 72, 11, 0, 0, 0
1551228942,37.50,-1.57,240, 72, 11, 0, 0, 0
1551229000,37.49,-1.51,327, 94, 19, 0, 0, 0
1551229059,37.49,-1.41,327, 94, 19, 0, 0, 0
1551229117,37.47,-1.39,291, 87, 7, 0, 0, 0
1551229175,37.44,-1.51,291, 87, 7, 0, 0, 0
1551229233,37.47,-1.41,231, 67, 10, 0, 0, 0
1551229292,37.48,-1.50,231, 67, 10, 0, 0, 0
1551229350,37.48,-1.40,276, 83, 13, 1, 0, 0
1551229408,37.48,-1.66,276, 83, 13, 1, 0, 0
1551229466,37.48,-1.62,237, 68, 6, 0, 0, 0
1551229525,37.45,-1.64,237, 68, 6, 0, 0, 0
1551229584,37.46,-1.67,297, 91, 20, 3, 0, 0
1551229643,37.45,-1.72,297, 91, 20, 3, 0, 0
1551229701,37.42,-1.72,243, 66, 5, 0, 0, 0
1551229759,37.41,-1.81,243, 66, 5, 0, 0, 0
1551229818,37.43,-1.46,282, 79, 6, 1, 0, 0
1551229876,37.42,-1.43,282, 79, 6, 1, 0, 0
1551229934,37.40,-1.69,270, 79, 9, 0, 0, 0
1551229993,37.41,-1.66,270, 79, 9, 0, 0, 0
1551230051,37.41,-1.66,273, 79, 10, 0, 0, 0
1551230109,37.41,-1.27,273, 79, 10, 0, 0, 0
1551230167,37.43,-1.57,288, 87, 12, 1, 0, 0
1551230226,37.43,-1.51,288, 87, 12, 1, 0, 0
1551230284,37.38,-1.56,351, 112, 7, 1, 0, 0
1551230342,37.42,-1.78,351, 112, 7, 1, 0, 0
1551230400,37.41,-1.76,309, 97, 19, 1, 0, 0
1551230459,37.41,-1.76,309, 97, 19, 1, 0, 0
1551230517,37.38,-1.72,300, 88, 5, 0, 0, 0
1551230575,37.41,-1.83,300, 88, 5, 0, 0, 0
1551230633,37.43,-1.88,201, 65, 10, 1, 1, 0
1551230693,37.42,-1.82,201, 65, 10, 1, 1, 0
1551230751,37.42,-1.94,273, 82, 16, 4, 0, 0
1551230809,37.41,-1.83,273, 82, 16, 4, 0, 0
1551230867,37.42,-1.66,396, 121, 21, 2, 2, 0
1551230926,37.40,-1.66,396, 121, 21, 2, 2, 0
1551230984,37.38,-1.88,306, 93, 13, 1, 0, 0
1551231042,37.37,-1.85,306, 93, 13, 1, 0, 0
1551231100,37.41,-1.94,342, 103, 10, 1, 0, 0
1551231159,37.37,-1.98,342, 103, 10, 1, 0, 0
1551231217,37.36,-1.82,285, 80, 15, 1, 1, 1
1551231275,37.36,-1.90,285, 80, 15, 1, 1, 1
1551231334,37.34,-1.99,285, 84, 14, 1, 0, 0
1551231392,37.35,-1.99,285, 84, 14, 1, 0, 0
1551231450,37.36,-1.87,318, 89, 20, 3, 2, 1
1551231508,37.34,-1.76,318, 89, 20, 3, 2, 1
1551231567,37.31,-1.99,309, 92, 13, 1, 1, 0
1551231625,37.30,-1.99,309, 92, 13, 1, 1, 0
1551231683,37.27,-1.99,291, 88, 19, 2, 1, 0
1551231742,37.31,-1.78,291, 88, 19, 2, 1, 0
1551231800,37.31,-1.88,312, 99, 16, 2, 0, 0
1551231858,37.33,-1.98,312, 99, 16, 2, 0, 0
1551231916,37.31,-1.94,243, 72, 10, 1, 0, 0
1551231975,37.32,-1.97,243, 72, 10, 1, 0, 0
1551232033,37.32,-1.93,279, 80, 6, 0, 0, 0
1551232091,37.31,-1.99,279, 80, 6, 0, 0, 0
1551232149,37.32,-1.77,270, 74, 3, 0, 0, 0
1551232208,37.31,-1.94,270, 74, 3, 0, 0, 0
1551232266,37.30,-1.95,273, 77, 15, 1, 0, 0
1551232324,37.32,-2.01,273, 77, 15, 1, 0, 0
1551232382,37.34,-1.99,315, 86, 7, 0, 0, 0
1551232441,37.31,-1.78,315, 86, 7, 0, 0, 0
1551232499,37.30,-1.89,324, 96, 7, 1, 0, 0
1551232557,37.29,-1.85,324, 96, 7, 1, 0, 0
1551232616,37.28,-1.98,279, 83, 4, 0, 0, 0
1551232675,37.25,-1.97,279, 83, 4, 0, 0, 0
1551232733,37.23,-1.98,336, 86, 9, 2, 1, 0
1551232791,37.22,-1.88,363, 97, 9, 1, 1, 0
1551232849,37.21,-1.79,405, 114, 13, 0, 0, 0
1551232908,37.22,-1.77,399, 111, 13, 0, 0, 0
1551232966,37.21,-1.90,351, 107, 8, 2, 0, 0
1551233024,37.22,-1.97,345, 107, 7, 2, 0, 0
1551233083,37.20,-1.90,345, 97, 16, 1, 0, 0
1551233142,37.21,-2.00,345, 97, 16, 1, 0, 0
1551233200,37.18,-1.88,333, 100, 12, 0, 0, 0
1551233258,37.17,-1.98,333, 100, 12, 0, 0, 0
1551233317,37.17,-1.89,471, 138, 17, 0, 0, 0
1551233375,37.19,-1.94,471, 138, 17, 0, 0, 0
1551233433,37.18,-1.88,456, 141, 30, 0, 0, 0
1551233491,37.18,-1.92,456, 141, 30, 0, 0, 0
1551233550,37.19,-1.90,303, 86, 15, 2, 0, 0
1551233608,37.17,-1.92,303, 86, 15, 2, 0, 0
1551233666,37.17,-1.90,345, 101, 9, 1, 1, 0
1551233724,37.19,-1.78,345, 101, 9, 1, 1, 0
1551233783,37.18,-1.85,390, 117, 24, 2, 0, 0
1551233841,37.17,-2.01,390, 117, 24, 2, 0, 0
1551233899,37.19,-2.04,447, 128, 18, 1, 1, 0
1551233958,37.19,-2.00,447, 128, 18, 1, 1, 0
1551234016,37.18,-1.93,399, 115, 14, 0, 0, 0
1551234074,37.17,-1.92,399, 115, 14, 0, 0, 0
1551234132,37.14,-1.98,399, 110, 16, 3, 1, 0
1551234191,37.17,-1.98,399, 110, 16, 3, 1, 0
1551234249,37.18,-1.78,315, 94, 11, 0, 0, 0
1551234307,37.17,-1.62,315, 94, 11, 0, 0, 0
1551234365,37.16,-1.92,393, 122, 27, 3, 2, 2
1551234424,37.19,-1.85,393, 122, 27, 3, 2, 2
1551234482,37.15,-1.88,279, 68, 8, 0, 0, 0
1551234540,37.14,-1.68,279, 68, 8, 0, 0, 0
1551234599,37.16,-1.87,279, 84, 9, 0, 0, 0
1551234657,37.16,-1.88,279, 84, 9, 0, 0, 0
1551234715,37.17,-1.98,291, 85, 11, 0, 0, 0
1551234773,37.17,-2.02,291, 85, 11, 0, 0, 0
1551234832,37.20,-2.01,351, 105, 11, 1, 0, 0
1551234890,37.20,-2.04,351, 105, 11, 1, 0, 0
1551234948,37.19,-2.04,294, 86, 7, 1, 0, 0
1551235007,37.20,-1.88,294, 86, 7, 1, 0, 0
1551235065,37.16,-1.94,348, 101, 5, 1, 0, 0
1551235123,37.19,-2.01,348, 101, 5, 1, 0, 0
1551235181,37.16,-1.99,336, 100, 14, 1, 0, 0
1551235240,37.16,-1.88,336, 100, 14, 1, 0, 0
1551235298,37.17,-1.88,372, 101, 17, 1, 1, 0
1551235356,37.16,-1.93,372, 101, 17, 1, 1, 0
1551235414,37.20,-2.01,420, 121, 13, 1, 1, 1
1551235473,37.21,-2.01,420, 121, 13, 1, 1, 1
1551235531,37.21,-2.05,408, 107, 21, 3, 0, 0
1551235589,37.22,-1.96,408, 107, 21, 3, 0, 0
1551235647,37.20,-1.90,324, 100, 12, 3, 1, 0
1551235706,37.19,-1.99,324, 100, 12, 3, 1, 0
1551235764,37.22,-2.07,324, 99, 16, 1, 1, 0
1551235822,37.21,-2.01,324, 99, 16, 1, 1, 0
1551235881,37.23,-1.91,462, 133, 27, 0, 0, 0
1551235939,37.22,-1.93,462, 133, 27, 0, 0, 0
1551235997,37.22,-1.99,369, 108, 13, 2, 0, 0
1551236055,37.26,-1.96,369, 108, 13, 2, 0, 0
1551236114,37.23,-1.94,369, 112, 14, 1, 0, 0
1551236172,37.19,-2.01,369, 112, 14, 1, 0, 0
1551236230,37.20,-1.90,336, 93, 14, 0, 0, 0
1551236289,37.21,-1.82,336, 93, 14, 0, 0, 0
1551236347,37.23,-1.87,375, 111, 16, 2, 2, 2
1551236405,37.22,-1.95,375, 111, 16, 2, 2, 2
1551236463,37.25,-1.85,480, 145, 23, 2, 1, 1
1551236522,37.21,-1.92,480, 145, 23, 2, 1, 1
1551236580,37.25,-1.76,348, 102, 17, 3, 1, 0
1551236638,37.23,-2.02,348, 102, 17, 3, 1, 0
1551236696,37.26,-2.07,345, 111, 11, 2, 1, 1
1551236755,37.27,-1.89,345, 111, 11, 2, 1, 1
1551236813,37.26,-1.81,486, 130, 18, 2, 2, 1
1551236871,37.28,-1.79,486, 130, 18, 2, 2, 1
1551236929,37.26,-1.85,459, 142, 18, 1, 1, 0
1551236988,37.25,-1.92,459, 142, 18, 1, 1, 0
1551237046,37.28,-1.89,420, 119, 27, 1, 0, 0
1551237104,37.25,-1.90,420, 119, 27, 1, 0, 0
1551237163,37.28,-1.94,447, 130, 15, 1, 0, 0
1551237221,37.26,-1.95,447, 130, 15, 1, 0, 0
1551237279,37.30,-2.01,483, 144, 20, 2, 1, 0
1551237337,37.28,-1.90,483, 144, 20, 2, 1, 0
1551237396,37.31,-1.69,411, 115, 13, 3, 0, 0
1551237454,37.29,-1.91,411, 115, 13, 3, 0, 0
1551237512,37.29,-1.96,489, 144, 27, 0, 0, 0
1551237570,37.30,-1.92,489, 144, 27, 0, 0, 0
1551237629,37.29,-1.82,540, 157, 15, 1, 0, 0
1551237687,37.31,-1.27,540, 157, 15, 1, 0, 0
1551237745,37.33,-1.98,408, 130, 20, 3, 1, 0
1551237804,37.29,-1.95,408, 130, 20, 3, 1, 0
1551237862,37.29,-1.85,432, 122, 17, 3, 2, 2
1551237920,37.30,-2.01,432, 122, 17, 3, 2, 2
1551237978,37.31,-2.06,435, 126, 16, 2, 1, 1
1551238037,37.30,-2.04,435, 126, 16, 2, 1, 1
1551238095,37.26,-2.00,474, 135, 16, 0, 0, 0
1551238153,37.26,-1.97,474, 135, 16, 0, 0, 0
1551238211,37.25,-1.89,438, 135, 21, 1, 0, 0
1551238270,37.25,-1.68,438, 135, 21, 1, 0, 0
1551238328,37.25,-1.88,381, 115, 16, 1, 1, 0
1551238386,37.23,-2.01,381, 115, 16, 1, 1, 0
1551238445,37.26,-1.88,435, 128, 11, 0, 0, 0
1551238503,37.25,-1.94,435, 128, 11, 0, 0, 0
1551238561,37.26,-1.92,354, 99, 17, 0, 0, 0
1551238619,37.29,-1.72,354, 99, 17, 0, 0, 0
1551238678,37.32,-2.04,456, 136, 17, 3, 1, 1
1551238736,37.32,-2.01,456, 136, 17, 3, 1, 1
1551238794,37.30,-2.01,381, 110, 15, 1, 0, 0
1551238852,37.26,-2.01,381, 110, 15, 1, 0, 0
1551238911,37.27,-2.03,486, 145, 28, 1, 0, 0
1551238969,37.27,-1.75,486, 145, 28, 1, 0, 0
1551239027,37.27,-1.99,528, 144, 29, 6, 0, 0
1551239086,37.27,-2.01,528, 144, 29, 6, 0, 0
1551239144,37.23,-1.97,444, 136, 25, 1, 0, 0
1551239202,37.21,-2.01,444, 136, 25, 1, 0, 0
1551239260,37.19,-2.05,471, 147, 14, 2, 0, 0
1551239319,37.21,-1.94,471, 147, 14, 2, 0, 0
1551239377,37.23,-1.97,576, 171, 34, 2, 0, 0
1551239435,37.25,-1.92,576, 171, 34, 2, 0, 0
1551239493,37.23,-2.09,498, 147, 22, 1, 0, 0
1551239552,37.22,-2.18,498, 147, 22, 1, 0, 0
1551239610,37.26,-2.02,528, 158, 7, 0, 0, 0
1551239668,37.26,-1.65,528, 158, 7, 0, 0, 0
1551239727,37.28,-1.85,453, 134, 15, 2, 1, 0
1551239785,37.28,-2.06,453, 134, 15, 2, 1, 0
1551239843,37.28,-2.18,447, 124, 29, 1, 0, 0
1551239901,37.25,-2.18,447, 124, 29, 1, 0, 0
1551239960,37.22,-2.05,501, 146, 24, 2, 0, 0
1551240018,37.21,-1.97,501, 146, 24, 2, 0, 0
1551240076,37.25,-2.03,423, 118, 19, 2, 0, 0
1551240135,37.23,-2.00,423, 118, 19, 2, 0, 0
1551240193,37.22,-1.93,483, 149, 19, 2, 0, 0
1551240251,37.23,-2.03,483, 149, 19, 2, 0, 0
1551240309,37.19,-1.96,387, 115, 18, 0, 0, 0
1551240368,37.22,-2.02,387, 115, 18, 0, 0, 0
1551240426,37.21,-1.51,552, 164, 26, 3, 0, 0
1551240484,37.22,-1.98,552, 164, 26, 3, 0, 0
1551240542,37.23,-1.85,558, 166, 23, 2, 0, 0
1551240601,37.22,-2.03,558, 166, 23, 2, 0, 0
1551240659,37.22,-2.04,471, 142, 28, 2, 1, 1
1551240717,37.20,-2.04,471, 142, 28, 2, 1, 1
1551240775,37.22,-1.85,483, 137, 23, 0, 0, 0
1551240834,37.21,-1.88,483, 137, 23, 0, 0, 0
1551240892,37.21,-2.02,561, 168, 25, 1, 0, 0
1551240950,37.18,-2.06,561, 168, 25, 1, 0, 0
1551241009,37.20,-1.49,438, 133, 16, 2, 1, 0
1551241067,37.17,-1.92,438, 133, 16, 2, 1, 0
1551241125,37.15,-2.09,519, 150, 21, 1, 1, 0
1551241184,37.16,-1.46,519, 150, 21, 1, 1, 0
1551241243,37.16,-2.12,651, 193, 43, 4, 0, 0
1551241301,37.15,-1.79,651, 193, 43, 4, 0, 0
1551241359,37.17,-1.48,492, 148, 16, 1, 1, 0
1551241417,37.18,-1.92,492, 148, 16, 1, 1, 0
1551241476,37.20,-2.20,510, 156, 21, 3, 0, 0
1551241534,37.19,-2.19,510, 156, 21, 3, 0, 0
1551241592,37.14,-2.17,570, 164, 15, 6, 1, 1
1551241650,37.18,-2.08,570, 164, 15, 6, 1, 1
1551241709,37.16,-2.01,579, 167, 30, 2, 0, 0
1551241767,37.16,-1.23,579, 167, 30, 2, 0, 0
1551241825,37.15,-1.85,405, 110, 16, 0, 0, 0
1551241884,37.13,-1.92,405, 110, 16, 0, 0, 0
1551241942,37.16,-1.66,504, 153, 22, 3, 1, 1
1551242000,37.15,-1.70,504, 153, 22, 3, 1, 1
1551242058,37.12,-2.10,585, 176, 28, 0, 0, 0
1551242117,37.08,-2.02,585, 176, 28, 0, 0, 0
1551242175,37.12,-2.12,513, 146, 31, 4, 0, 0
1551242233,37.14,-2.01,513, 146, 31, 4, 0, 0
1551242291,37.12,-1.95,480, 152, 23, 6, 4, 0
1551242350,37.10,-1.96,480, 152, 23, 6, 4, 0
1551242408,37.13,-1.60,567, 168, 23, 1, 0, 0
1551242466,37.13,-2.02,567, 168, 23, 1, 0, 0
1551242524,37.14,-1.97,600, 170, 29, 4, 2, 0
1551242583,37.14,-2.04,600, 170, 29, 4, 2, 0
1551242641,37.13,-1.86,462, 140, 28, 3, 1, 0
1551242699,37.13,-2.07,462, 140, 28, 3, 1, 0
1551242758,37.11,-1.84,498, 138, 30, 1, 0, 0
1551242816,37.13,-2.07,498, 138, 30, 1, 0, 0
1551242874,37.14,-1.81,507, 153, 25, 1, 0, 0
1551242932,37.14,-2.11,507, 153, 25, 1, 0, 0
1551242991,37.15,-2.17,537, 166, 26, 0, 0, 0
1551243049,37.18,-2.04,537, 166, 26, 0, 0, 0
1551243107,37.19,-2.09,549, 160, 16, 1, 1, 1
1551243166,37.20,-2.05,549, 160, 16, 1, 1, 1
1551243224,37.22,-2.06,525, 169, 27, 3, 3, 0
1551243282,37.17,-2.19,525, 169, 27, 3, 3, 0
1551243340,37.18,-2.17,576, 175, 29, 2, 0, 0
1551243399,37.16,-1.85,576, 175, 29, 2, 0, 0
1551243457,37.15,-2.18,480, 133, 28, 2, 1, 1
1551243515,37.19,-1.90,480, 133, 28, 2, 1, 1
1551243573,37.19,-2.20,465, 128, 18, 2, 1, 1
1551243632,37.19,-2.20,465, 128, 18, 2, 1, 1
1551243690,37.21,-1.71,486, 152, 15, 0, 0, 0
1551243748,37.21,-2.14,486, 152, 15, 0, 0, 0
1551243806,37.21,-2.12,654, 199, 37, 4, 1, 0
1551243865,37.21,-2.29,654, 199, 37, 4, 1, 0
1551243923,37.20,-2.23,552, 156, 19, 3, 1, 0
1551243981,37.15,-2.20,552, 156, 19, 3, 1, 0
1551244039,37.15,-2.07,492, 146, 19, 1, 0, 0
1551244098,37.16,-2.14,492, 146, 19, 1, 0, 0
1551244156,37.15,-2.20,501, 155, 29, 4, 1, 0
1551244214,37.12,-2.27,501, 155, 29, 4, 1, 0
1551244273,37.11,-2.10,552, 154, 17, 1, 0, 0
1551244331,37.08,-2.19,552, 154, 17, 1, 0, 0
1551244389,37.06,-2.30,465, 141, 23, 0, 0, 0
1551244447,37.08,-2.13,465, 141, 23, 0, 0, 0
1551244506,37.11,-2.07,354, 107, 25, 1, 1, 1
1551244564,37.13,-1.75,354, 107, 25, 1, 1, 1
1551244622,37.08,-2.30,444, 129, 17, 0, 0, 0
1551244680,37.06,-2.32,444, 129, 17, 0, 0, 0
1551244739,37.10,-2.26,651, 195, 39, 3, 0, 0
1551244797,37.08,-2.30,651, 195, 39, 3, 0, 0
1551244855,37.08,-2.20,504, 152, 21, 0, 0, 0
1551244914,37.10,-2.13,504, 152, 21, 0, 0, 0
1551244972,37.10,-1.89,684, 206, 47, 6, 1, 1
1551245030,37.10,-2.04,684, 206, 47, 6, 1, 1
1551245088,37.07,-2.03,537, 158, 28, 5, 1, 1
1551245147,37.08,-2.16,537, 158, 28, 5, 1, 1
1551245205,37.07,-2.20,471, 139, 19, 2, 0, 0
1551245263,37.04,-2.20,471, 139, 19, 2, 0, 0
1551245321,37.06,-2.12,537, 163, 22, 3, 1, 1
1551245380,37.08,-2.17,537, 163, 22, 3, 1, 1
1551245438,37.07,-2.17,459, 125, 8, 0, 0, 0
1551245496,37.08,-2.22,459, 125, 8, 0, 0, 0
1551245555,37.08,-2.17,528, 158, 17, 1, 0, 0
1551245613,37.07,-2.23,528, 158, 17, 1, 0, 0
1551245671,37.08,-2.18,492, 145, 14, 1, 1, 0
1551245729,37.08,-2.17,492, 145, 14, 1, 1, 0
1551245788,37.06,-2.18,588, 182, 30, 1, 0, 0
1551245846,37.06,-2.21,588, 182, 30, 1, 0, 0
1551245904,37.04,-2.15,516, 155, 18, 1, 1, 0
1551245962,37.04,-2.18,516, 155, 18, 1, 1, 0
1551246021,37.06,-2.17,396, 115, 6, 1, 1, 0
1551246079,37.05,-2.19,396, 115, 6, 1, 1, 0
1551246137,37.07,-2.15,591, 176, 39, 1, 1, 1
1551246196,37.05,-2.10,591, 176, 39, 1, 1, 1
1551246254,37.05,-2.14,606, 184, 39, 3, 1, 0
1551246312,37.03,-2.13,606, 184, 39, 3, 1, 0
1551246370,37.04,-2.14,465, 136, 19, 3, 2, 1
1551246429,37.05,-2.20,465, 136, 19, 3, 2, 1
1551246487,37.07,-2.21,648, 201, 26, 4, 1, 1
1551246545,37.03,-2.17,648, 201, 26, 4, 1, 1
1551246603,37.02,-2.14,597, 173, 16, 1, 1, 0
1551246662,37.06,-2.08,597, 173, 16, 1, 1, 0
1551246720,37.04,-2.14,564, 171, 25, 1, 0, 0
1551246778,37.01,-2.17,564, 171, 25, 1, 0, 0
1551246837,37.01,-2.12,465, 136, 15, 3, 0, 0
1551246896,37.01,-2.16,474, 140, 19, 3, 0, 0
1551246954,36.98,-2.17,525, 155, 15, 1, 1, 0
1551247012,37.01,-2.00,513, 149, 14, 1, 1, 0
1551247070,37.01,-2.06,591, 173, 26, 4, 1, 0
1551247129,37.04,-2.05,558, 166, 20, 4, 1, 0
1551247187,36.99,-2.14,474, 136, 10, 1, 0, 0
1551247245,36.99,-2.11,489, 134, 9, 1, 0, 0
1551247304,36.98,-2.14,582, 169, 27, 3, 1, 0
1551247362,36.97,-2.27,594, 174, 28, 3, 1, 0
1551247420,36.99,-2.29,654, 185, 28, 2, 1, 1
1551247478,36.99,-2.23,681, 191, 26, 2, 1, 1
1551247537,37.01,-2.20,543, 165, 23, 1, 0, 0
1551247595,37.00,-2.07,537, 166, 29, 4, 0, 0
1551247653,37.01,-2.17,654, 181, 11, 1, 1, 1
1551247712,37.02,-2.09,639, 176, 14, 1, 1, 1
1551247770,36.99,-2.07,549, 164, 23, 1, 0, 0
1551247828,37.00,-2.10,555, 171, 24, 1, 0, 0
1551247886,37.00,-2.23,558, 153, 25, 1, 0, 0
1551247945,36.96,-2.10,558, 153, 21, 1, 0, 0
1551248003,37.00,-2.08,705, 196, 31, 1, 1, 0
1551248061,36.98,-2.08,720, 194, 31, 1, 1, 0
1551248119,36.96,-2.02,579, 171, 24, 1, 0, 0
1551248178,36.95,-2.05,567, 167, 24, 1, 0, 0
1551248236,36.92,-1.91,633, 175, 39, 4, 0, 0
1551248294,36.92,-2.01,657, 189, 41, 4, 0, 0
1551248352,36.93,-2.06,522, 156, 21, 2, 0, 0
1551248411,36.95,-2.01,507, 152, 16, 2, 0, 0
1551248469,36.95,-1.95,642, 178, 24, 0, 0, 0
1551248527,36.95,-1.75,681, 190, 22, 0, 0, 0
1551248586,36.93,-1.76,678, 212, 38, 2, 0, 0
1551248644,36.93,-1.83,669, 210, 33, 1, 0, 0
1551248702,36.92,-2.01,645, 186, 16, 3, 1, 0
1551248760,36.93,-1.99,627, 186, 15, 3, 1, 0
1551248819,36.90,-1.92,564, 168, 24, 4, 0, 0
1551248877,36.90,-1.94,564, 168, 22, 5, 0, 0
1551248935,36.96,-1.94,507, 146, 17, 2, 0, 0
1551248994,36.95,-2.00,507, 147, 17, 2, 0, 0
1551249052,36.92,-2.20,411, 133, 16, 4, 1, 0
1551249110,36.96,-1.97,369, 119, 13, 1, 0, 0
1551249168,36.96,-1.87,519, 151, 23, 4, 0, 0
1551249227,36.97,-1.75,564, 163, 20, 4, 0, 0
1551249285,36.99,-1.84,561, 158, 24, 0, 0, 0
1551249343,36.98,-1.53,570, 159, 27, 3, 0, 0
1551249401,36.99,-1.78,684, 212, 30, 2, 0, 0
1551249460,36.98,-1.89,657, 208, 30, 1, 0, 0
1551249519,36.92,-1.89,537, 164, 25, 2, 0, 0
1551249577,36.93,-1.78,537, 164, 25, 2, 0, 0
1551249635,36.96,-1.01,546, 162, 21, 2, 0, 0
1551249694,36.97,-1.53,546, 162, 21, 2, 0, 0
1551249752,36.98,-1.60,516, 160, 23, 2, 2, 1
1551249810,36.98,-1.98,516, 160, 23, 2, 2, 1
1551249869,37.01,-1.94,687, 206, 29, 0, 0, 0
1551249927,37.00,-1.83,687, 206, 29, 0, 0, 0
1551249985,37.00,-1.77,516, 156, 24, 3, 0, 0
1551250043,36.98,-1.78,516, 156, 24, 3, 0, 0
1551250102,36.99,-1.85,603, 166, 28, 2, 1, 0
1551250160,36.99,-1.66,603, 166, 28, 2, 1, 0
1551250218,37.02,-1.52,705, 209, 46, 9, 1, 0
1551250277,37.03,-1.62,705, 209, 46, 9, 1, 0
1551250335,37.01,-1.37,759, 233, 36, 3, 0, 0
1551250393,37.02,-1.52,759, 233, 36, 3, 0, 0
1551250451,37.01,-1.46,645, 183, 16, 0, 0, 0
1551250510,37.03,-1.60,645, 183, 16, 0, 0, 0
1551250568,37.04,-1.72,663, 201, 33, 5, 2, 2
1551250626,37.03,-1.53,663, 201, 33, 5, 2, 2
1551250684,37.03,-1.77,618, 185, 37, 5, 0, 0
1551250743,37.02,-1.63,618, 185, 37, 5, 0, 0
1551250801,37.02,-1.46,576, 163, 25, 0, 0, 0
1551250859,37.02,-1.69,576, 163, 25, 0, 0, 0
1551250917,37.01,-1.40,543, 147, 15, 0, 0, 0
1551250976,37.01,-1.43,543, 147, 15, 0, 0, 0
1551251034,36.98,-1.35,627, 189, 29, 2, 2, 1
1551251092,36.99,-1.55,627, 189, 29, 2, 2, 1
1551251151,36.97,-1.37,663, 187, 17, 4, 2, 1
1551251209,36.98,-1.04,663, 187, 17, 4, 2, 1
1551251267,36.99,-1.17,609, 186, 21, 0, 0, 0
1551251325,36.97,-1.66,609, 186, 21, 0, 0, 0
1551251384,36.99,-1.66,708, 222, 36, 3, 1, 1
1551251442,37.00,-1.59,708, 222, 36, 3, 1, 1
1551251500,37.06,-1.76,669, 192, 25, 2, 1, 1
1551251559,37.05,-1.59,669, 192, 25, 2, 1, 1
1551251617,37.04,-1.68,612, 172, 22, 3, 1, 0
1551251675,37.04,-1.64,612, 172, 22, 3, 1, 0
1551251733,37.03,-1.26,573, 172, 38, 3, 1, 0
1551251792,37.06,-0.84,573, 172, 38, 3, 1, 0
1551251850,37.05,-1.45,612, 179, 33, 1, 0, 0
1551251908,37.05,-1.27,612, 179, 33, 1, 0, 0
1551251966,37.04,-1.51,663, 192, 28, 2, 1, 0
1551252025,37.05,-1.37,663, 192, 28, 2, 1, 0
1551252083,37.06,-1.45,708, 206, 39, 4, 3, 1
1551252141,37.07,-1.40,708, 206, 39, 4, 3, 1
1551252200,37.07,-1.47,828, 240, 37, 3, 0, 0
1551252258,37.06,-1.43,828, 240, 37, 3, 0, 0
1551252316,37.06,-1.33,1194, 357, 51, 6, 1, 1
1551252375,37.08,-1.20,1194, 357, 51, 6, 1, 1
1551252433,37.10,-1.12,1296, 373, 75, 2, 1, 0
1551252493,37.08,-1.46,1362, 394, 79, 1, 1, 0
1551252551,37.10,-1.49,1203, 355, 85, 7, 0, 0
1551252609,37.12,-1.52,1119, 332, 78, 8, 0, 0
1551252667,37.11,-1.36,1104, 333, 81, 9, 3, 2
1551252726,37.10,-1.56,1071, 321, 77, 6, 3, 2
1551252785,37.13,-1.45,1338, 408, 80, 14, 3, 1
1551252843,37.16,-1.53,1317, 398, 75, 14, 3, 1
1551252901,37.17,-1.44,1035, 299, 72, 5, 0, 0
1551252959,37.16,-1.40,1032, 303, 66, 6, 0, 0
1551253018,37.13,-1.58,1089, 298, 52, 10, 3, 2
1551253076,37.12,-1.56,1095, 305, 50, 10, 3, 2
1551253134,37.11,-1.57,1185, 365, 71, 7, 2, 0
1551253193,37.07,-1.61,1170, 358, 71, 7, 2, 0
1551253251,37.06,-1.23,1140, 359, 72, 6, 3, 1
1551253310,37.08,-1.52,1167, 371, 78, 9, 6, 2
1551253368,37.12,-1.48,918, 274, 54, 4, 0, 0
1551253426,37.11,-1.49,882, 262, 49, 4, 0, 0
1551253484,37.11,-1.37,888, 260, 29, 1, 0, 0
1551253543,37.14,-1.36,819, 241, 29, 1, 0, 0
1551253601,37.11,-1.55,738, 231, 43, 1, 0, 0
1551253659,37.10,-1.33,735, 231, 43, 1, 0, 0
1551253717,37.10,-1.59,702, 210, 38, 2, 2, 2
1551253776,37.10,-1.09,666, 203, 33, 1, 1, 1
1551253834,37.11,-1.56,702, 200, 33, 3, 1, 0
1551253892,37.08,-1.54,729, 211, 35, 3, 1, 0
1551253951,37.06,-1.77,780, 233, 42, 2, 0, 0
1551254009,37.11,-1.46,774, 235, 43, 2, 0, 0
1551254067,37.13,-1.53,831, 241, 44, 7, 1, 1
1551254125,37.11,-1.27,837, 244, 47, 7, 1, 1
1551254184,37.13,-1.43,864, 260, 42, 7, 1, 1
1551254242,37.12,-1.46,807, 245, 42, 7, 1, 1
1551254300,37.13,-1.49,810, 229, 28, 1, 0, 0
1551254358,37.13,-1.37,831, 234, 30, 1, 0, 0
1551254417,37.08,-1.40,819, 241, 46, 4, 1, 1
1551254475,37.07,-1.28,804, 242, 47, 4, 1, 1
1551254533,37.04,-1.36,681, 213, 45, 2, 0, 0
1551254592,37.03,-1.35,717, 220, 50, 2, 0, 0
1551254650,37.02,-1.11,804, 233, 49, 4, 1, 1
1551254708,37.03,-1.14,768, 222, 47, 4, 1, 1
1551254766,37.03,-1.25,615, 180, 28, 6, 4, 1
1551254825,37.04,-1.42,657, 196, 28, 6, 4, 1
1551254883,37.05,-1.33,567, 164, 29, 1, 1, 1
1551254941,37.02,-1.18,588, 167, 29, 1, 1, 1
1551254999,37.07,-0.55,693, 214, 41, 1, 0, 0
1551255058,37.05,-1.02,666, 202, 36, 1, 0, 0
1551255116,37.07,-1.04,540, 162, 13, 1, 1, 0
1551255174,37.08,-0.92,570, 169, 15, 2, 2, 0
1551255232,37.08,-1.04,684, 203, 32, 2, 0, 0
1551255291,37.10,-0.46,687, 203, 32, 2, 0, 0
1551255349,37.12,0.54,627, 177, 28, 8, 1, 1
1551255407,37.12,1.05,606, 176, 31, 9, 1, 1
1551255466,37.14,0.63,564, 165, 18, 2, 1, 1
1551255524,37.14,-0.11,543, 162, 18, 1, 0, 0
1551255582,37.12,-0.47,588, 176, 27, 5, 1, 0
1551255640,37.16,-0.30,606, 176, 27, 5, 1, 0
1551255699,37.13,-0.48,717, 202, 29, 5, 0, 0
1551255757,37.12,-0.36,702, 195, 26, 2, 0, 0
1551255815,37.12,-0.85,558, 165, 13, 1, 1, 0
1551255873,37.12,-0.92,558, 167, 14, 1, 1, 0
1551255932,37.13,-0.79,567, 161, 25, 3, 0, 0
1551255991,37.15,-0.88,555, 152, 25, 2, 0, 0
1551256049,37.12,-1.16,597, 166, 34, 3, 1, 1
1551256107,37.14,-1.11,597, 166, 34, 3, 1, 1
1551256166,37.14,-1.02,510, 149, 15, 1, 0, 0
1551256224,37.15,-1.06,510, 149, 15, 1, 0, 0
1551256282,37.16,-1.01,633, 187, 25, 3, 2, 1
1551256341,37.14,-1.24,633, 187, 25, 3, 2, 1
1551256399,37.14,-1.11,420, 120, 12, 3, 1, 1
1551256457,37.14,-0.88,420, 120, 12, 3, 1, 1
1551256515,37.15,-0.98,486, 150, 26, 5, 4, 0
1551256574,37.14,-1.01,486, 150, 26, 5, 4, 0
1551256632,37.13,-1.07,480, 130, 16, 3, 1, 0
1551256690,37.13,-0.98,480, 130, 16, 3, 1, 0
1551256748,37.13,-0.96,588, 173, 24, 0, 0, 0
1551256807,37.16,-0.87,588, 173, 24, 0, 0, 0
1551256865,37.17,-0.95,537, 153, 26, 2, 0, 0
1551256923,37.19,-1.06,537, 153, 26, 2, 0, 0
1551256981,37.18,-1.06,627, 172, 18, 4, 1, 0
1551257040,37.18,-0.94,627, 172, 18, 4, 1, 0
1551257098,37.19,-1.03,501, 147, 16, 1, 0, 0
1551257156,37.17,-1.06,501, 147, 16, 1, 0, 0
1551257215,37.17,-0.91,627, 189, 26, 5, 0, 0
1551257274,37.16,-0.94,627, 189, 26, 5, 0, 0
1551257332,37.15,-0.97,528, 148, 12, 1, 0, 0
1551257390,37.18,-0.95,528, 148, 12, 1, 0, 0
1551257448,37.17,-0.92,483, 140, 31, 2, 0, 0
1551257507,37.20,-0.92,483, 140, 31, 2, 0, 0
1551257565,37.19,-0.98,399, 111, 25, 3, 0, 0
1551257623,37.20,-1.07,399, 111, 25, 3, 0, 0
1551257682,37.25,-0.91,465, 133, 12, 0, 0, 0
1551257740,37.22,-0.89,465, 133, 12, 0, 0, 0
1551257798,37.20,-0.97,498, 148, 27, 3, 1, 0
1551257856,37.19,-0.82,498, 148, 27, 3, 1, 0
1551257915,37.21,-0.85,495, 153, 20, 4, 1, 0
1551257973,37.22,-0.85,495, 153, 20, 4, 1, 0
1551258031,37.20,-0.82,636, 194, 32, 3, 1, 1
1551258089,37.18,-0.75,636, 194, 32, 3, 1, 1
1551258148,37.17,-0.74,441, 125, 27, 2, 0, 0
1551258206,37.21,-0.66,441, 125, 27, 2, 0, 0
1551258264,37.19,-0.82,543, 160, 31, 0, 0, 0
1551258323,37.20,-0.76,543, 160, 31, 0, 0, 0
1551258381,37.20,-0.82,405, 116, 15, 1, 0, 0
1551258439,37.19,-0.75,405, 116, 15, 1, 0, 0
1551258497,37.21,-0.72,378, 109, 14, 0, 0, 0
1551258556,37.21,-0.75,477, 139, 36, 1, 0, 0
1551258614,37.22,-0.88,450, 141, 17, 4, 1, 1
1551258672,37.25,-0.94,471, 129, 25, 2, 2, 1
1551258731,37.23,-0.63,471, 129, 25, 2, 2, 1
1551258790,37.23,-0.65,492, 142, 30, 2, 2, 2
1551258849,37.22,-0.50,447, 123, 23, 1, 1, 1
1551258907,37.26,-0.65,501, 138, 10, 1, 0, 0
1551258966,37.25,-0.58,507, 136, 10, 2, 1, 0
1551259024,37.22,-0.65,519, 152, 29, 1, 0, 0
1551259082,37.25,-0.62,501, 150, 32, 2, 1, 0
1551259140,37.22,-0.68,501, 139, 21, 0, 0, 0
1551259199,37.25,-0.48,513, 146, 24, 1, 0, 0
1551259257,37.26,-0.85,456, 133, 18, 1, 1, 1
1551259315,37.25,-0.71,477, 138, 20, 0, 0, 0
1551259373,37.27,-0.79,348, 102, 15, 1, 0, 0
1551259432,37.27,-0.65,327, 97, 12, 0, 0, 0
1551259490,37.23,-0.46,564, 155, 27, 2, 0, 0
1551259548,37.22,-0.74,549, 150, 22, 2, 0, 0
1551259607,37.28,-0.70,429, 121, 22, 3, 1, 0
1551259665,37.25,-0.56,420, 121, 23, 3, 1, 0
1551259723,37.26,-0.68,447, 131, 39, 0, 0, 0
1551259781,37.26,-0.66,462, 138, 39, 0, 0, 0
1551259840,37.27,-0.70,444, 133, 12, 0, 0, 0
1551259898,37.25,-0.56,432, 127, 12, 0, 0, 0
1551259956,37.22,-0.69,405, 121, 14, 0, 0, 0
1551260014,37.20,-0.65,378, 112, 11, 0, 0, 0
1551260073,37.25,-0.50,471, 135, 20, 1, 0, 0
1551260131,37.22,-0.68,519, 149, 19, 1, 0, 0
1551260189,37.23,-0.48,378, 111, 22, 2, 1, 1
1551260247,37.25,-0.33,438, 125, 27, 2, 1, 1
1551260306,37.27,-0.43,378, 114, 26, 3, 2, 1
1551260364,37.25,-0.52,399, 121, 22, 3, 2, 1
1551260422,37.28,-0.59,468, 130, 25, 3, 0, 0
1551260481,37.29,-0.39,462, 134, 25, 3, 0, 0
1551260539,37.28,-0.50,333, 97, 10, 0, 0, 0
1551260597,37.27,-0.60,333, 99, 8, 0, 0, 0
1551260655,37.23,-0.75,381, 114, 15, 1, 0, 0
1551260714,37.29,-0.23,387, 116, 13, 1, 0, 0
1551260772,37.30,-0.45,480, 147, 25, 7, 1, 1
1551260830,37.29,-0.33,492, 151, 30, 7, 1, 1
1551260888,37.30,-0.37,537, 154, 31, 3, 1, 0
1551260948,37.31,-0.27,537, 154, 31, 3, 1, 0
1551261006,37.29,-0.45,510, 149, 32, 1, 1, 1
1551261064,37.31,-0.91,510, 149, 32, 1, 1, 1
1551261122,37.29,-0.79,333, 103, 14, 0, 0, 0
1551261181,37.29,-0.65,333, 103, 14, 0, 0, 0
1551261239,37.29,-0.77,486, 132, 17, 0, 0, 0
1551261297,37.30,-0.79,486, 132, 17, 0, 0, 0
1551261355,37.29,-0.73,495, 145, 19, 4, 1, 1
1551261414,37.29,-0.66,495, 145, 19, 4, 1, 1
1551261472,37.27,-0.56,390, 118, 11, 1, 0, 0
1551261530,37.29,-0.30,390, 118, 11, 1, 0, 0
1551261588,37.26,-0.23,411, 119, 12, 0, 0, 0
1551261647,37.25,-0.43,411, 119, 12, 0, 0, 0
1551261705,37.22,-0.43,360, 109, 24, 1, 0, 0
1551261763,37.27,-0.11,360, 109, 24, 1, 0, 0
1551261822,37.28,-0.22,327, 84, 13, 0, 0, 0
1551261881,37.28,-0.37,327, 84, 13, 0, 0, 0
1551261939,37.29,-0.23,324, 89, 28, 3, 1, 0
1551261997,37.31,-0.51,324, 89, 28, 3, 1, 0
1551262055,37.29,-0.64,294, 90, 11, 0, 0, 0
1551262114,37.32,-0.27,294, 90, 11, 0, 0, 0
1551262172,37.30,-0.47,303, 87, 11, 1, 0, 0
1551262230,37.30,-0.56,303, 87, 11, 1, 0, 0
1551262288,37.34,-0.70,357, 110, 11, 0, 0, 0
1551262347,37.32,-0.62,357, 110, 11, 0, 0, 0
1551262405,37.33,-0.60,321, 102, 21, 1, 1, 0
1551262463,37.34,-0.61,321, 102, 21, 1, 1, 0
1551262522,37.37,-0.81,288, 91, 11, 0, 0, 0
1551262580,37.37,-1.01,288, 91, 11, 0, 0, 0
1551262638,37.37,-0.94,270, 71, 15, 2, 1, 0
1551262696,37.36,-0.89,270, 71, 15, 2, 1, 0
1551262755,37.37,-0.84,279, 80, 7, 1, 0, 0
1551262813,37.36,-0.87,279, 80, 7, 1, 0, 0
1551262871,37.36,-0.85,255, 80, 5, 0, 0, 0
1551262929,37.33,-0.89,255, 80, 5, 0, 0, 0
1551262988,37.32,-0.80,210, 61, 3, 0, 0, 0
1551263046,37.32,-0.88,210, 61, 3, 0, 0, 0
1551263104,37.32,-0.84,297, 88, 13, 0, 0, 0
1551263163,37.31,-0.90,297, 88, 13, 0, 0, 0
1551263221,37.28,-0.98,213, 65, 11, 1, 1, 1
1551263279,37.27,-0.97,213, 65, 11, 1, 1, 1
1551263337,37.25,-0.82,183, 56, 10, 1, 1, 1
1551263396,37.27,-0.83,276, 73, 15, 2, 0, 0
1551263454,37.22,-0.68,264, 86, 12, 2, 2, 0
1551263512,37.23,-0.66,252, 80, 12, 1, 0, 0
1551263571,37.22,-0.55,252, 80, 12, 1, 0, 0
1551263629,37.21,-0.63,261, 81, 11, 2, 1, 0
1551263688,37.21,-0.57,261, 81, 11, 2, 1, 0
1551263747,37.18,-0.76,303, 89, 16, 1, 0, 0
1551263805,37.19,-0.78,303, 89, 16, 1, 0, 0
1551263863,37.19,-0.76,303, 92, 6, 0, 0, 0
1551263921,37.20,-0.73,303, 92, 6, 0, 0, 0
1551263980,37.22,-0.72,213, 65, 7, 2, 0, 0
1551264038,37.22,-0.56,213, 65, 7, 2, 0, 0
1551264096,37.21,-0.62,246, 78, 14, 0, 0, 0
1551264154,37.22,-0.68,246, 78, 14, 0, 0, 0
1551264213,37.23,-0.84,273, 72, 11, 1, 0, 0
1551264271,37.22,-0.85,273, 72, 11, 1, 0, 0
1551264329,37.21,-0.83,216, 67, 16, 1, 1, 0
1551264388,37.20,0.00,216, 67, 16, 1, 1, 0
1551264446,37.19,-0.46,264, 78, 18, 1, 0, 0
1551264504,37.20,-0.65,264, 78, 18, 1, 0, 0
1551264562,37.23,-0.77,369, 105, 13, 1, 0, 0
1551264621,37.25,-0.75,369, 105, 13, 1, 0, 0
1551264679,37.23,-0.79,219, 67, 13, 2, 0, 0
1551264737,37.19,-0.92,219, 67, 13, 2, 0, 0
1551264795,37.19,-1.00,222, 62, 18, 0, 0, 0
1551264854,37.20,-0.81,222, 62, 18, 0, 0, 0
1551264912,37.21,-0.92,318, 89, 19, 3, 1, 0
1551264970,37.27,-0.98,318, 89, 19, 3, 1, 0
1551265028,37.22,-0.95,231, 69, 8, 0, 0, 0
1551265087,37.23,-1.01,231, 69, 8, 0, 0, 0
1551265145,37.23,-0.80,258, 77, 14, 1, 0, 0
1551265203,37.27,-0.79,258, 77, 14, 1, 0, 0
1551265262,37.22,-0.82,273, 70, 9, 0, 0, 0
1551265320,37.19,-0.93,273, 70, 9, 0, 0, 0
1551265378,37.22,-0.74,204, 66, 11, 0, 0, 0
1551265436,37.21,-0.38,204, 66, 11, 0, 0, 0
1551265495,37.26,-0.80,213, 61, 7, 0, 0, 0
1551265553,37.26,-0.67,213, 61, 7, 0, 0, 0
1551265611,37.26,-0.56,120, 36, 2, 0, 0, 0
1551265670,37.28,-1.01,156, 48, 3, 0, 0, 0
1551265729,37.25,-1.15,276, 78, 14, 1, 0, 0
1551265787,37.23,-1.11,288, 82, 15, 1, 0, 0
1551265845,37.23,-0.93,180, 48, 4, 1, 0, 0
1551265903,37.19,-0.66,189, 51, 3, 1, 0, 0
1551265962,37.20,-0.92,228, 70, 9, 0, 0, 0
1551266020,37.20,-0.68,222, 67, 9, 0, 0, 0
1551266078,37.18,-0.83,189, 52, 11, 2, 0, 0
1551266136,37.22,-0.72,198, 55, 12, 2, 0, 0
1551266195,37.21,-0.63,201, 61, 5, 0, 0, 0
1551266253,37.23,-0.47,201, 63, 4, 0, 0, 0
1551266311,37.23,-0.56,264, 72, 19, 2, 2, 1
1551266370,37.22,-0.66,273, 75, 19, 2, 2, 1
1551266428,37.25,-0.66,258, 70, 10, 2, 1, 0
1551266486,37.25,-0.80,243, 67, 7, 1, 1, 0
1551266544,37.25,-0.81,252, 74, 16, 1, 0, 0
1551266603,37.23,-0.92,261, 77, 22, 4, 3, 3
1551266661,37.22,-0.71,156, 40, 3, 1, 0, 0
1551266719,37.23,-0.85,144, 36, 3, 1, 0, 0
1551266777,37.23,-0.75,225, 71, 6, 1, 0, 0
1551266836,37.23,-0.27,246, 78, 6, 1, 0, 0
1551266894,37.26,-0.39,240, 73, 16, 2, 1, 0
1551266952,37.26,-0.72,252, 77, 13, 2, 1, 0
1551267010,37.28,-0.49,195, 55, 8, 0, 0, 0
1551267069,37.30,-0.56,189, 55, 10, 0, 0, 0
1551267127,37.32,-0.14,156, 48, 6, 0, 0, 0
1551267185,37.36,-0.79,141, 45, 6, 0, 0, 0
1551267243,37.32,-0.98,210, 58, 5, 0, 0, 0
1551267305,37.33,-0.96,210, 58, 5, 0, 0, 0
1551267363,37.36,-0.69,246, 70, 15, 2, 0, 0
1551267422,37.37,-1.02,246, 70, 15, 2, 0, 0
1551267480,37.37,-0.88,207, 61, 7, 2, 1, 1
1551267538,37.36,-0.91,207, 61, 7, 2, 1, 1
1551267597,37.37,-0.64,417, 124, 11, 3, 1, 1
1551267655,37.35,-0.73,417, 124, 11, 3, 1, 1
1551267713,37.38,-0.68,447, 136, 39, 6, 3, 2
1551267771,37.37,-0.82,447, 136, 39, 6, 3, 2
1551267830,37.37,-1.00,285, 86, 14, 3, 1, 0
1551267888,37.42,-0.85,285, 86, 14, 3, 1, 0
1551267946,37.42,-1.04,456, 129, 31, 5, 0, 0
1551268004,37.43,-1.01,456, 129, 31, 5, 0, 0
1551268063,37.40,-1.14,369, 105, 18, 3, 0, 0
1551268121,37.41,-1.01,369, 105, 18, 3, 0, 0
1551268179,37.45,-0.58,318, 94, 10, 1, 1, 0
1551268237,37.47,-0.50,318, 94, 10, 1, 1, 0
1551268296,37.50,-0.37,306, 91, 16, 4, 1, 1
1551268354,37.45,-0.78,306, 91, 16, 4, 1, 1
1551268412,37.46,-0.81,363, 111, 17, 2, 1, 1
1551268471,37.48,-0.80,363, 111, 17, 2, 1, 1
1551268529,37.45,-0.98,336, 97, 23, 1, 0, 0
1551268587,37.44,-0.85,336, 97, 23, 1, 0, 0
1551268645,37.47,-0.42,279, 82, 21, 3, 0, 0
1551268704,37.43,-0.72,279, 82, 21, 3, 0, 0
1551268762,37.44,-0.82,336, 97, 11, 0, 0, 0
1551268820,37.46,-0.66,336, 97, 11, 0, 0, 0
1551268878,37.48,-0.71,288, 84, 14, 1, 1, 0
1551268937,37.51,-0.63,288, 84, 14, 1, 1, 0
1551268995,37.51,-0.74,258, 76, 20, 3, 2, 1
1551269053,37.55,-0.83,258, 76, 20, 3, 2, 1
1551269111,37.59,-0.72,300, 90, 9, 2, 0, 0
1551269170,37.59,-0.85,300, 90, 9, 2, 0, 0
1551269228,37.61,-0.88,246, 68, 9, 0, 0, 0
1551269286,37.59,-1.14,246, 68, 9, 0, 0, 0
1551269344,37.55,-1.09,222, 68, 10, 1, 1, 0
1551269403,37.58,-1.20,222, 68, 10, 1, 1, 0
1551269461,37.60,-1.04,252, 76, 10, 0, 0, 0
1551269519,37.58,-1.21,252, 76, 10, 0, 0, 0
1551269577,37.57,-1.33,252, 81, 6, 0, 0, 0
1551269636,37.55,-1.32,252, 81, 6, 0, 0, 0
1551269694,37.56,-1.01,240, 68, 6, 1, 0, 0
1551269752,37.57,-1.13,240, 68, 6, 1, 0, 0
1551269811,37.58,-1.22,222, 61, 9, 0, 0, 0
1551269869,37.57,-1.31,222, 61, 9, 0, 0, 0
1551269927,37.57,-1.18,240, 69, 5, 2, 0, 0
1551269985,37.57,-1.26,240, 69, 5, 2, 0, 0
1551270044,37.54,-1.11,225, 71, 12, 1, 0, 0
1551270102,37.54,-1.08,225, 71, 12, 1, 0, 0
